1,7382860800,4508100,7378352700
1,7259549300,3425000,7256124300
1,7612100700,2591900,7609508800
1,7621717000,2625200,7619091800
1,7632080800,2622800,7629458000
1,7623933100,2725600,7621207500
1,7629319700,2624800,7626694900
1,7613126700,2620600,7610506100
1,7612243800,2574200,7609669600
1,7612605900,2602200,7610003700
1,7613438000,4077100,7609360900
1,7610317200,2599300,7607717900
1,7617339900,2630500,7614709400
1,7611888000,2612900,7609275100
1,7615966700,2625000,7613341700
1,7612569800,2541300,7610028500
1,7611437700,2725000,7608712700
1,7611775500,2600700,7609174800
1,7611263000,2616800,7608646200
1,7614456400,2588200,7611868200
1,7801883000,2740400,7799142600
1,7752739600,2816100,7749923500
1,7670316300,2807000,7667509300
1,7694084000,2753000,7691331000
1,7655645800,2679400,7652966400
1,7653895900,2639400,7651256500
1,7655111700,2711200,7652400500
1,7665354200,2671400,7662682800
1,7683044500,2682000,7680362500
1,7684388000,2754100,7681633900
1,7665551800,2677200,7662874600
1,7653880000,2682100,7651197900
1,7640643300,2645700,7637997600
1,7640290700,2743200,7637547500
1,7645453700,2704900,7642748800
1,7647583900,2710300,7644873600
1,7644360600,2681600,7641679000
1,7640262100,2687200,7637574900
1,7642588400,2644900,7639943500
1,7648467700,2629400,7645838300
1,7640627800,2669700,7637958100
1,7651686300,2624000,7649062300
1,7647842600,2734900,7645107700
1,7655879000,2687800,7653191200
1,7654975800,2874000,7652101800
1,7638750300,2682400,7636067900
1,7636089000,2710200,7633378800
1,7632670700,2642400,7630028300
1,7644073700,2678700,7641395000
1,7667098000,2663900,7664434100
1,7662524400,2728700,7659795700
1,7644540800,2705300,7641835500
1,7639078600,2753600,7636325000
1,7634560400,2642800,7631917600
1,7635638500,2692600,7632945900
1,7650447100,2657700,7647789400
1,7668996200,2634100,7666362100
1,7655870500,2672100,7653198400
1,7637543300,2690400,7634852900
1,7624231400,2610200,7621621200
1,7625036500,2684500,7622352000
1,7628321500,2832200,7625489300
1,7619252100,2617200,7616634900
1,7621962300,2645900,7619316400
1,7629270000,2693000,7626577000
1,7626958700,2660200,7624298500
1,7627016600,2604600,7624412000
1,7631571600,2656100,7628915500
1,7624464400,2618400,7621846000
1,7621099600,2669400,7618430200
1,7624352900,2616400,7621736500
1,7619854800,2596000,7617258800
1,7619164700,2565000,7616599700
1,7619229600,2625700,7616603900
1,7619104800,2608900,7616495900
1,7619049700,2570200,7616479500
1,7621795700,2609300,7619186400
1,7624318400,2583000,7621735400
1,7623063600,2570300,7620493300
1,7621400100,2591200,7618808900
1,7620782600,2620700,7618161900
1,7620497700,2671500,7617826200
1,7619177000,2596200,7616580800
1,7621139500,2604900,7618534600
1,7619993900,2625600,7617368300
1,7618977200,2633300,7616343900
1,7623725300,3553500,7620171800
1,7621873000,2648900,7619224100
1,7625182900,2644000,7622538900
1,7624693800,2724900,7621968900
1,7623037600,2669500,7620368100
1,7627123300,2601300,7624522000
1,7624074500,2625700,7621448800
1,7619364900,2630400,7616734500
1,7622950300,2659800,7620290500
1,7624783000,2592500,7622190500
1,7623701400,2613500,7621087900
1,7627768100,2628500,7625139600
1,7626091900,2634200,7623457700
1,7627272700,2672000,7624600700
1,7622157300,2614500,7619542800
1,7623069600,2586100,7620483500
1,7624112500,2604900,7621507600
1,7620536400,2565200,7617971200
1,7623849400,2633700,7621215700
1,7627724500,2591100,7625133400
1,7620270700,2628400,7617642300
1,7623715500,2586500,7621129000
1,7618864500,2654900,7616209600
1,7621207600,2643700,7618563900
1,7620830700,2591400,7618239300
1,7625208000,2579500,7622628500
1,7622219400,2603800,7619615600
1,7621599100,2595000,7619004100
1,7627503700,2642700,7624861000
1,7622246700,2636600,7619610100
1,7621325800,2650700,7618675100
1,7622727800,2597300,7620130500
1,7621304900,2623600,7618681300
1,7629454200,2611100,7626843100
1,7641380500,2658800,7638721700
1,7613805400,2572700,7611232700
1,7612089000,2620700,7609468300
1,7634085300,2687400,7631397900
1,7611044700,2718900,7608325800
1,7618359000,2688300,7615670700
1,7614310400,2663200,7611647200
1,7613102600,2647000,7610455600
1,7616311200,2598500,7613712700
1,7612731200,2580000,7610151200
1,7610703800,2613800,7608090000
1,7609765000,2583700,7607181300
1,7615383600,2586600,7612797000
1,7613276800,2566700,7610710100
1,7612182000,2614500,7609567500
1,7612654900,2587000,7610067900
1,7613306300,2597000,7610709300
1,7614701700,2721800,7611979900
1,7618582900,2792800,7615790100
1,7611935600,2620700,7609314900
1,7611346600,2663300,7608683300
1,7613385500,2570300,7610815200
1,7611353300,2609700,7608743600
1,7611023800,2604600,7608419200
1,7612924500,2618300,7610306200
1,7615004100,2643700,7612360400
1,7613548900,2594300,7610954600
1,7608658800,2634600,7606024200
1,7613759900,2632100,7611127800
1,7614448600,2578000,7611870600
1,7615076100,2591700,7612484400
1,7614030400,2590900,7611439500
1,7615662200,2624800,7613037400
1,7615678800,2597600,7613081200
1,7616106300,2643400,7613462900
1,7611380300,2602100,7608778200
1,7611829300,2585400,7609243900
1,7619613000,2591700,7617021300
1,7615498100,2590800,7612907300
1,7614771800,2561300,7612210500
1,7613255700,2649800,7610605900
1,7611237500,2603500,7608634000
1,7612512700,2578400,7609934300
1,7619194700,2635500,7616559200
1,7617187100,2679900,7614507200
1,7615820500,2631900,7613188600
1,7612011600,2628100,7609383500
1,7615783500,2590800,7613192700
1,7613550100,2573500,7610976600
1,7614287500,2636300,7611651200
1,7613983800,2586900,7611396900
1,7617335600,2613300,7614722300
1,7620526900,2638200,7617888700
1,7623115900,2746400,7620369500
1,7619121900,2688200,7616433700
1,7620392700,2672600,7617720100
1,7618416300,2679300,7615737000
1,7620332200,2704500,7617627700
1,7621524400,2638300,7618886100
1,7618560100,2611200,7615948900
1,7617970400,2570800,7615399600
1,7618126900,2599000,7615527900
1,7615210300,2571000,7612639300
1,7617930200,2630700,7615299500
1,7618582400,2579800,7616002600
1,7609668200,2594100,7607074100
1,7613972000,2586000,7611386000
1,7614086700,2610300,7611476400
1,7612852700,2610600,7610242100
1,7613517700,2618300,7610899400
1,7613681900,2690600,7610991300
1,7614089300,2620900,7611468400
1,7613767200,2653700,7611113500
1,7609926500,2598000,7607328500
1,7613848000,2677600,7611170400
1,7610355700,2650900,7607704800
1,7618908200,2703500,7616204700
1,7612378300,2777700,7609600600
1,7613308300,2750400,7610557900
1,7616040800,2632300,7613408500
1,7614374000,2619200,7611754800
1,7612551500,2586000,7609965500
1,7612070500,2623800,7609446700
1,7611175000,2609900,7608565100
1,7614816200,2618500,7612197700
1,7613788400,2603400,7611185000
1,7614156800,2624800,7611532000
1,7613527900,2656000,7610871900
1,7610474500,2586700,7607887800
1,7615285900,2620300,7612665600
1,7612105100,2613200,7609491900
1,7613722900,2598900,7611124000
1,7614436100,2616800,7611819300
1,7610618900,2583600,7608035300
1,7612951300,2631800,7610319500
1,7614724400,2682100,7612042300
1,7613645800,2664200,7610981600
1,7612745400,2735500,7610009900
1,7611085000,2628400,7608456600
1,7616049100,2596000,7613453100
1,7622684300,2639300,7620045000
1,7618621200,2629000,7615992200
1,7615427000,2579000,7612848000
1,7612810200,2664700,7610145500
1,7613987200,2613700,7611373500
1,7613285700,2611900,7610673800
1,7615534600,2580200,7612954400
1,7614437300,2622800,7611814500
1,7615551900,2594600,7612957300
1,7616357900,2591200,7613766700
1,7612564900,2605300,7609959600
1,7612923200,2648900,7610274300
1,7617187600,2594400,7614593200
1,7614374900,2839100,7611535800
1,7608697800,2685000,7606012800
1,7608480800,2539500,7605941300
1,7609393900,2626200,7606767700
1,7610154100,2636500,7607517600
1,7612134200,2584500,7609549700
1,7611915800,2861100,7609054700
1,7616901300,2572500,7614328800
1,7613133700,2629200,7610504500
1,7606521100,2669000,7603852100
1,7607923800,2590700,7605333100
1,7605896700,2633000,7603263700
1,7629151300,2666300,7626485000
1,7618453200,2605500,7615847700
1,7614003200,2665800,7611337400
1,7610577000,2662100,7607914900
1,7617428600,2596500,7614832100
1,7620377100,2641000,7617736100
1,7618719100,2663000,7616056100
1,7614912100,2580600,7612331500
1,7622248500,2582800,7619665700
1,7615470000,2598600,7612871400
1,7612554900,2635700,7609919200
1,7615857400,2608000,7613249400
1,7614774300,2600500,7612173800
1,7613474500,2587500,7610887000
1,7616149800,2585700,7613564100
1,7612315300,2606000,7609709300
1,7616045100,2638900,7613406200
1,7610234300,2625300,7607609000
1,7618610500,2611700,7615998800
1,7610400500,2630400,7607770100
1,7615375700,2585700,7612790000
1,7616707700,2587600,7614120100
1,7614184300,2575300,7611609000
1,7616717200,2598800,7614118400
1,7616547800,2569200,7613978600
1,7616353400,2647400,7613706000
1,7617304100,2618700,7614685400
1,7614748300,2598800,7612149500
1,7616836100,2583900,7614252200
1,7615955300,2598700,7613356600
1,7613643300,2640400,7611002900
1,7616088500,2592800,7613495700
1,7620908200,2627700,7618280500
1,7615920100,2653800,7613266300
1,7618804200,2735400,7616068800
1,7619376200,2671500,7616704700
1,7613288800,2682600,7610606200
1,7612072600,2618100,7609454500
1,7622013200,2583500,7619429700
1,7620695100,2530000,7618165100
1,7614481200,2630100,7611851100
1,7611652200,2628300,7609023900
1,7615892800,2662500,7613230300
1,7613103000,2575300,7610527700
1,7615237100,2718000,7612519100
1,7614026200,2640200,7611386000
1,7614449700,2658300,7611791400
1,7636698700,2711000,7633987700
1,7612822000,2633200,7610188800
1,7623301400,2624000,7620677400
1,7638925500,2611500,7636314000
1,7641369300,2635100,7638734200
1,7612636500,2600500,7610036000
1,7615270800,2616700,7612654100
1,7622910900,2782100,7620128800
1,7625258000,2626600,7622631400
1,7623450500,2643800,7620806700
1,7621694600,2635000,7619059600
1,7623840500,2618100,7621222400
1,7623748600,2631300,7621117300
1,7623490500,2556600,7620933900
1,7621346100,2595500,7618750600
1,7670774000,2678300,7668095700
1,7653081700,2644700,7650437000
1,7627769200,2684400,7625084800
1,7614646500,2577400,7612069100
1,7612544000,2593200,7609950800
1,7612267200,2604000,7609663200
1,7615275000,2566600,7612708400
1,7611521300,2636800,7608884500
1,7613138600,2581300,7610557300
1,7614315700,2671800,7611643900
1,7613845700,2605800,7611239900
1,7615989700,2627300,7613362400
1,7607051200,2575000,7604476200
1,7620366600,2589100,7617777500
1,7609202600,2619000,7606583600
1,7613801300,2661400,7611139900
1,7611908200,2618600,7609289600
1,7619992500,2674800,7617317700
1,7605528200,2587500,7602940700
1,7610846300,2596200,7608250100
1,7614321900,2759400,7611562500
1,7607799500,2558300,7605241200
1,7614663000,2606500,7612056500
1,7612403200,2655300,7609747900
1,7613430700,2613200,7610817500
1,7609407200,2603200,7606804000
1,7610680000,2611300,7608068700
1,7609463700,2532800,7606930900
1,7610462300,2657900,7607804400
1,7614404900,2571600,7611833300
1,7612049800,2592600,7609457200
1,7607400700,2588800,7604811900
1,7613714400,2598200,7611116200
1,7612294700,2648300,7609646400
1,7612441400,2578600,7609862800
1,7609387200,2594200,7606793000
1,7615979400,2580100,7613399300
1,7607368900,2617500,7604751400
1,7611066800,2654100,7608412700
1,7611689600,2571200,7609118400
1,7610307300,2586700,7607720600
1,7610018300,2583700,7607434600
1,7613218300,2592200,7610626100
1,7608725500,2609900,7606115600
1,7611267000,2614000,7608653000
1,7610153300,2573500,7607579800
1,7611763700,2620400,7609143300
1,7611896200,2626900,7609269300
1,7612620800,2621600,7609999200
1,7612024300,2617800,7609406500
1,7612457600,2595500,7609862100
1,7609320400,2588100,7606732300
1,7612485300,2555300,7609930000
1,7612533900,2582700,7609951200
1,7606452200,2593100,7603859100
1,7610982900,2575600,7608407300
1,7611600600,2633300,7608967300
1,7613056700,2598300,7610458400
1,7607812700,2603300,7605209400
1,7610914700,2647300,7608267400
1,7613522500,2589800,7610932700
1,7610775300,2640200,7608135100
1,7610096900,2620400,7607476500
1,7611487800,2615500,7608872300
1,7633015900,2602300,7630413600
1,7610890300,2602700,7608287600
1,7609819800,2623900,7607195900
1,7609383000,2588300,7606794700
1,7616907100,2570700,7614336400
1,7616996900,2590700,7614406200
1,7614326600,2783600,7611543000
1,7610713900,2657500,7608056400
1,7617223800,2592900,7614630900
1,7613784200,2546800,7611237400
1,7612465700,2584600,7609881100
1,7616733200,2576800,7614156400
1,7610647800,2646200,7608001600
1,7610810200,2579000,7608231200
1,7616701300,2609900,7614091400
1,7607889900,2563200,7605326700
1,7610401800,2595500,7607806300
1,7614815100,2699100,7612116000
1,7609902200,2745400,7607156800
1,7612401200,2586700,7609814500
1,7611197600,2568900,7608628700
1,7611303300,2633300,7608670000
1,7615604900,2592300,7613012600
1,7614592300,2624700,7611967600
1,7611378200,2648700,7608729500
1,7613629600,2733800,7610895800
1,7611834400,2588100,7609246300
1,7611487700,2596900,7608890800
1,7613470400,2633700,7610836700
1,7608693800,2588800,7606105000
1,7616709700,2700000,7614009700
1,7606546000,2594700,7603951300
1,7611959200,2630400,7609328800
1,7605966100,2633000,7603333100
1,7611817299,2644673,7609172626
1,7612609401,2605426,7610003975
1,7613285601,2593028,7610692573
1,7610428801,2640151,7607788650
1,7610024400,2618384,7607406016
1,7609376900,2597940,7606778960
1,7615846000,2695498,7613150502
1,7621313200,2656356,7618656844
1,7614998900,2571322,7612427578
1,7619497001,2648027,7616848974
1,7616820699,3523151,7613297548
1,7616554901,2621908,7613932993
1,7612373601,2598346,7609775255
1,7610901899,2665121,7608236778
1,7608460401,2594864,7605865537
1,7617863200,2641359,7615221841
1,7611823700,2623288,7609200412
1,7613630300,2595271,7611035029
1,7616418600,2581927,7613836673
1,7613431399,2614609,7610816790
1,7614855900,2630569,7612225331
1,7611854001,2733657,7609120344
1,7611328500,2586102,7608742398
1,7612688899,2682209,7610006690
1,7610292499,2616437,7607676062
1,7609297600,2651633,7606645967
1,7613515300,2714368,7610800932
1,7612791701,2575826,7610215875
1,7616332300,2576610,7613755690
1,7611119600,2625550,7608494050
1,7612380400,2587472,7609792928
1,7613504699,2681791,7610822908
1,7613452599,2671520,7610781079
1,7612264000,2605362,7609658638
1,7615897299,2616123,7613281176
1,7613804300,2585132,7611219168
1,7617844001,2591650,7615252351
1,7611121401,2601799,7608519602
1,7613160200,2743030,7610417170
1,7611303300,2621845,7608681455
1,7616050600,2618952,7613431648
1,7608313801,2670844,7605642957
1,7613230199,2629973,7610600226
1,7610762401,2608259,7608154142
1,7612729601,2594702,7610134899
1,7605308401,2590381,7602718020
1,7609700300,2581021,7607119279
1,7607870500,2602037,7605268463
1,7610223300,2621867,7607601433
1,7607677000,2641710,7605035290
1,7610710100,2596633,7608113467
1,7613331000,2601106,7610729894
1,7617480600,2620657,7614859943
1,7614912600,2622608,7612289992
1,7615596801,2672962,7612923839
1,7613770901,2649602,7611121299
1,7612311900,2646443,7609665457
1,7610704300,2606764,7608097536
1,7613318100,2644127,7610673973
1,7611240300,2665602,7608574698
1,7609018199,2614443,7606403756
1,7610991601,2568554,7608423047
1,7617055000,2588484,7614466516
1,7615613300,2610845,7613002455
1,7609656900,2635412,7607021488
1,7610474401,2647353,7607827048
1,7619630899,2611065,7617019834
1,7614850601,2890048,7611960553
1,7605766400,2606509,7603159891
1,7613137099,2617004,7610520095
1,7614334000,2633091,7611700909
1,7611851101,2655576,7609195525
1,7608878300,2642162,7606236138
1,7613015600,2547386,7610468214
1,7609926900,2636410,7607290490
1,7610447600,2659302,7607788298
1,7611565300,2581347,7608983953
1,7613956600,2600695,7611355905
1,7611107099,2764702,7608342397
1,7611529601,2591313,7608938288
1,7611370500,2622501,7608747999
1,7613807200,2602800,7611204400
1,7617707100,2658500,7615048600
1,7611269000,2639200,7608629800
1,7613980100,2662400,7611317700
1,7615839600,2603300,7613236300
1,7612303700,2623300,7609680400
1,7608945400,2648500,7606296900
1,7612299700,2614000,7609685700
1,7611899800,2661700,7609238100
1,7610648400,2594800,7608053600
1,7612945500,2580700,7610364800
1,7631852600,2566700,7629285900
1,7616704500,2612200,7614092300
1,7610131400,2637500,7607493900
1,7608611100,2598800,7606012300
1,7610208100,2602900,7607605200
1,7615435900,2602400,7612833500
1,7612171000,2636400,7609534600
1,7608610500,2587800,7606022700
1,7605704300,2634900,7603069400
1,7610570500,2809700,7607760800
1,7610835000,2591600,7608243400
1,7611151200,2635600,7608515600
1,7610027100,2611900,7607415200
1,7611513900,2599600,7608914300
1,7611442300,2638300,7608804000
1,7613865200,2608300,7611256900
1,7614063800,2587800,7611476000
1,7612853100,2690300,7610162800
1,7616694600,2627200,7614067400
1,7614629900,2617900,7612012000
1,7612145200,2604700,7609540500
1,7610390500,2669000,7607721500
1,7612929300,2667300,7610262000
1,7611947800,2677100,7609270700
1,7612419100,2608100,7609811000
1,7608003100,2620000,7605383100
1,7610190400,2611800,7607578600
1,7610225200,2567400,7607657800
1,7608112200,2594300,7605517900
1,7610896600,2630100,7608266500
1,7612524500,2683600,7609840900
1,7613480500,2611600,7610868900
1,7614051000,2656700,7611394300
1,7621245400,2744600,7618500800
1,7610039800,2626600,7607413200
1,7611301300,2655200,7608646100
1,7614979700,2757000,7612222700
1,7617434000,2653100,7614780900
1,7612051400,2543600,7609507800
1,7609170000,2669600,7606500400
1,7611848500,2566400,7609282100
1,7617483200,2623100,7614860100
1,7613897600,2617100,7611280500
1,7610847000,2576500,7608270500
1,7617064800,2620400,7614444400
1,7606780600,2651900,7604128700
1,7614496400,2574400,7611922000
1,7613580900,2653900,7610927000
1,7612583500,2564000,7610019500
1,7613932300,2663000,7611269300
1,7610448100,2637500,7607810600
1,7611696800,2609600,7609087200
1,7611257600,2627700,7608629900
1,7611162000,2584200,7608577800
1,7613239500,2580300,7610659200
1,7611996100,2580700,7609415400
1,7613341500,2633800,7610707700
1,7614605500,2654400,7611951100
1,7615717700,2594700,7613123000
1,7610996400,2600400,7608396000
1,7613038300,2747400,7610290900
1,7613827900,2643300,7611184600
1,7607434800,2628600,7604806200
1,7610661600,2598200,7608063400
1,7614966800,2581600,7612385200
1,7612245700,2677400,7609568300
1,7611831100,2646300,7609184800
1,7615739700,2650000,7613089700
1,7613029600,2824800,7610204800
1,7612219600,2798000,7609421600
1,7611578600,2806500,7608772100
1,7621564500,2595000,7618969500
1,7608903700,2549200,7606354500
1,7614625200,2613900,7612011300
1,7612848600,2621300,7610227300
1,7605759100,2725700,7603033400
1,7608623100,2749900,7605873200
1,7617146500,2675700,7614470800
1,7611527700,2623900,7608903800
1,7609818600,2599000,7607219600
1,7616213200,2610300,7613602900
1,7616494800,2634900,7613859900
1,7609127900,2648700,7606479200
1,7606502400,2586400,7603916000
1,7610280300,2624800,7607655500
1,7610731500,2632700,7608098800
1,7614848400,2639900,7612208500
1,7608356900,2563800,7605793100
1,7615624300,2668800,7612955500
1,7609655900,2691100,7606964800
1,7604487300,2599100,7601888200
1,7614863500,2568800,7612294700
1,7613660100,2610300,7611049800
1,7611560900,2604500,7608956400
1,7613084000,2679300,7610404700
1,7622425900,2675400,7619750500
1,7613442900,2598300,7610844600
1,7613124200,2616500,7610507700
1,7614074100,2573200,7611500900
1,7608701800,2619600,7606082200
1,7612577600,2686800,7609890800
1,7613607200,2596300,7611010900
1,7609627200,2651800,7606975400
1,7610836500,2578200,7608258300
1,7610866800,2572400,7608294400
1,7611024100,2745600,7608278500
1,7614757800,2727900,7612029900
1,7611528500,2579100,7608949400
1,7610051800,2696500,7607355300
1,7612935600,2573700,7610361900
1,7609187000,2617300,7606569700
1,7612056700,2593500,7609463200
1,7611453500,2583400,7608870100
1,7614734300,2562200,7612172100
1,7609249800,2623600,7606626200
1,7608656000,2701700,7605954300
1,7611955000,2633300,7609321700
1,7614362900,2621400,7611741500
1,7609540400,2572100,7606968300
1,7613648000,2648900,7610999100
1,7611088300,2573100,7608515200
1,7610391100,2713300,7607677800
1,7611942500,2684300,7609258200
1,7616707800,2644200,7614063600
1,7610953100,2758600,7608194500
1,7616430800,2649700,7613781100
1,7628167500,2623500,7625544000
1,7610770900,2544100,7608226800
1,7608222400,2720500,7605501900
1,7613421000,2718900,7610702100
1,7614149800,2687900,7611461900
1,7607816000,2552200,7605263800
1,7614520400,2595100,7611925300
1,7614171700,2595100,7611576600
1,7612976600,2639800,7610336800
1,7612274300,2737200,7609537100
1,7610297900,2594900,7607703000
1,7611067100,2619500,7608447600
1,7611330100,2620300,7608709800
1,7608720300,2581400,7606138900
1,7611531900,2727400,7608804500
1,7614168900,2638400,7611530500
1,7609012400,2586900,7606425500
1,7612052000,2582100,7609469900
1,7604743300,2599900,7602143400
1,7613139500,2593200,7610546300
1,7611730000,2647500,7609082500
1,7614092900,2670200,7611422700
1,7612452900,2619900,7609833000
1,7611245700,2618400,7608627300
1,7610773200,2588800,7608184400
1,7610992100,2578600,7608413500
1,7611522400,2723600,7608798800
1,7610615400,2686300,7607929100
1,7613948000,2621300,7611326700
1,7612506700,2622900,7609883800
1,7625187200,2725900,7622461300
1,7611193800,2601100,7608592700
1,7608160800,2704000,7605456800
1,7612680300,2608100,7610072200
1,7611405600,2847600,7608558000
1,7611568500,2641300,7608927200
1,7609540000,2657800,7606882200
1,7609839300,2566200,7607273100
1,7613802400,2531800,7611270600
1,7610188300,2609800,7607578500
1,7610778800,2633600,7608145200
1,7612298600,2650100,7609648500
1,7609654600,2590300,7607064300
1,7613894500,2605500,7611289000
1,7611555900,2603100,7608952800
1,7614401700,2559700,7611842000
1,7612541200,2581700,7609959500
1,7606833800,2630100,7604203700
1,7615400000,2609000,7612791000
1,7612558400,2690000,7609868400
1,7615781500,2609600,7613171900
1,7608262500,2617000,7605645500
1,7610615100,2615700,7607999400
1,7609733300,2600300,7607133000
1,7608221100,2588800,7605632300
1,7608879200,2589300,7606289900
1,7614253300,2667400,7611585900
1,7608615300,2622900,7605992400
1,7614927600,2691600,7612236000
1,7608656600,2591000,7606065600
1,7607451800,2649300,7604802500
1,7610443500,2627400,7607816100
1,7606550900,2623000,7603927900
1,7613955700,2695200,7611260500
1,7610309900,2726400,7607583500
1,7611397400,2704100,7608693300
1,7613811500,2683000,7611128500
1,7612017400,2693400,7609324000
1,7609925000,2644800,7607280200
1,7613793900,2666200,7611127700
1,7608876200,2759100,7606117100
1,7612209000,2618500,7609590500
1,7614203000,2578600,7611624400
1,7607739300,2654400,7605084900
1,7613298000,2582000,7610716000
1,7609198400,2652700,7606545700
1,7611831000,2674200,7609156800
1,7613221100,2588100,7610633000
1,7610029600,2583800,7607445800
1,7614659200,2604700,7612054500
1,7613259100,2682400,7610576700
1,7616620300,2669000,7613951300
1,7608242200,2582200,7605660000
1,7614619100,2606100,7612013000
1,7613889600,2545400,7611344200
1,7618303800,2637300,7615666500
1,7616047200,2716600,7613330600
1,7607614200,2649200,7604965000
1,7615959800,2609700,7613350100
1,7612808800,2620600,7610188200
1,7608864200,2690200,7606174000
1,7613713700,2676100,7611037600
1,7615622200,2611800,7613010400
1,7611005200,2635300,7608369900
1,7610484700,2609300,7607875400
1,7628853700,2611800,7626241900
1,7610299400,2670200,7607629200
1,7611774300,2617000,7609157300
1,7613574400,2596500,7610977900
1,7611366300,2629400,7608736900
1,7611373100,2686100,7608687000
1,7609610600,2620500,7606990100
1,7617241400,2672500,7614568900
1,7611363200,2654200,7608709000
1,7614484100,2716500,7611767600
1,7614144000,2611200,7611532800
1,7614290700,2681400,7611609300
1,7611122500,2654400,7608468100
1,7615482600,2611600,7612871000
1,7611236200,2598900,7608637300
1,7610754800,2567000,7608187800
1,7612037900,2619300,7609418600
1,7612174400,2658100,7609516300
1,7606121100,2656400,7603464700
1,7617247900,2571600,7614676300
1,7611651900,2620900,7609031000
1,7607439000,2718200,7604720800
1,7607413300,2770800,7604642500
1,7610181300,2664000,7607517300
1,7608265000,2596400,7605668600
1,7610273200,2609500,7607663700
1,7611796300,2619500,7609176800
1,7609358300,2588200,7606770100
1,7610713000,2597500,7608115500
1,7610816900,2675100,7608141800
1,7613056400,2649900,7610406500
1,7611371700,2605900,7608765800
1,7611925100,2666000,7609259100
1,7613177100,2667400,7610509700
1,7608871000,2654600,7606216400
1,7610578000,2731100,7607846900
1,7612336300,2665300,7609671000
1,7612402100,2683700,7609718400
1,7610318500,2620000,7607698500
1,7612620300,2634100,7609986200
1,7613068800,2679200,7610389600
1,7611576700,2652000,7608924700
1,7612556100,2542200,7610013900
1,7609245800,2652300,7606593500
1,7614047500,2635500,7611412000
1,7617470500,2575800,7614894700
1,7612541400,2664800,7609876600
1,7618198300,2751600,7615446700
1,7611870600,2628200,7609242400
1,7611028500,2677700,7608350800
1,7618247000,2602100,7615644900
1,7609450300,2738700,7606711600
1,7612354300,2627400,7609726900
1,7608720400,2590900,7606129500
1,7618468100,2589600,7615878500
1,7615221300,2754700,7612466600
1,7614018800,2670200,7611348600
1,7613016200,2692600,7610323600
1,7611760800,2732400,7609028400
1,7607766900,2591200,7605175700
1,7610140200,2590300,7607549900
1,7608868400,2601800,7606266600
1,7613256100,2615000,7610641100
1,7614744900,2608100,7612136800
1,7610950000,2600100,7608349900
1,7618774500,2678400,7616096100
1,7605884500,2610900,7603273600
1,7610122700,2587700,7607535000
1,7615989800,2633600,7613356200
1,7612149600,2665600,7609484000
1,7607549300,2617900,7604931400
1,7611384200,2600900,7608783300
1,7615039800,2567100,7612472700
1,7606414100,2672900,7603741200
1,7605473700,2656200,7602817500
1,7611841300,2610100,7609231200
1,7611468200,2630700,7608837500
1,7615893800,2689300,7613204500
1,7611620200,2644900,7608975300
1,7610442300,2630000,7607812300
1,7611556900,2596900,7608960000
1,7613334200,2623900,7610710300
1,7604347800,2625500,7601722300
1,7610874600,2575300,7608299300
1,7606997600,2616600,7604381000
1,7614511900,2667500,7611844400
1,7613716700,2665900,7611050800
1,7617235000,2716900,7614518100
1,7612883100,2588300,7610294800
1,7613042900,2668700,7610374200
1,7609493700,2639700,7606854000
1,7617997700,2706100,7615291600
1,7612393400,2700900,7609692500
1,7610619400,2627200,7607992200
1,7613474900,2599100,7610875800
1,7608839300,2683400,7606155900
1,7613006000,2692400,7610313600
1,7612527100,2668500,7609858600
1,7611150200,2651100,7608499100
1,7608219200,2656100,7605563100
1,7608746000,2626700,7606119300
1,7612209000,2730500,7609478500
1,7607285700,2706600,7604579100
1,7608079600,2669700,7605409900
1,7611800400,2729400,7609071000
1,7616854900,2677100,7614177800
1,7609334500,2689300,7606645200
1,7614621700,2634900,7611986800
1,7613903100,2609000,7611294100
1,7606022500,2669000,7603353500
1,7610899700,2630500,7608269200
1,7607097600,2652000,7604445600
1,7612317800,2617800,7609700000
1,7614252800,2688900,7611563900
1,7610020700,2737800,7607282900
1,7610903500,2605200,7608298300
1,7613388600,2607400,7610781200
1,7611854800,2715000,7609139800
1,7615112500,2689300,7612423200
1,7612506900,2702500,7609804400
1,7613999000,2658200,7611340800
1,7608431800,2611700,7605820100
1,7610153200,2606700,7607546500
1,7615637600,2673400,7612964200
1,7609248600,2710500,7606538100
1,7606532900,2626500,7603906400
1,7632500800,2631400,7629869400
1,7612943000,2576400,7610366600
1,7611714800,2719400,7608995400
1,7610233200,2699300,7607533900
1,7610244700,2700500,7607544200
1,7611002400,2646400,7608356000
1,7608912300,2646100,7606266200
1,7617953400,2627900,7615325500
1,7612121000,2633200,7609487800
1,7611896400,2667900,7609228500
1,7607555800,2659800,7604896000
1,7614275000,2656200,7611618800
1,7611728600,2593900,7609134700
1,7612574900,2708500,7609866400
1,7611614600,2672500,7608942100
1,7611104200,2584600,7608519600
1,7609512000,2514200,7606997800
1,7610702700,2628400,7608074300
1,7618865900,2648600,7616217300
1,7611455000,2681400,7608773600
1,7618812700,2711500,7616101200
1,7616327300,2663500,7613663800
1,7611313800,2602300,7608711500
1,7609101400,2679700,7606421700
1,7606526300,2680700,7603845600
1,7611573600,2700600,7608873000
1,7607545700,2622200,7604923500
1,7615199300,2702500,7612496800
1,7608901900,2692600,7606209300
1,7615822400,2633900,7613188500
1,7613677700,2600200,7611077500
1,7608449300,2697300,7605752000
1,7611681600,2622200,7609059400
1,7615436100,2651500,7612784600
1,7619000300,2686600,7616313700
1,7611737300,2670900,7609066400
1,7613249900,2613200,7610636700
1,7617268700,2622000,7614646700
1,7610550600,2615100,7607935500
1,7611427900,2636300,7608791600
1,7615124100,2660200,7612463900
1,7609861300,2670900,7607190400
1,7613029100,2706700,7610322400
1,7610122900,2691800,7607431100
1,7611296700,2621100,7608675600
1,7608803100,2601100,7606202000
1,7618792400,2636200,7616156200
1,7614102400,2607500,7611494900
1,7611539700,2649000,7608890700
1,7609081300,2580900,7606500400
1,7618512200,2660600,7615851600
1,7610902400,2592000,7608310400
1,7610675100,2637200,7608037900
1,7617891300,2763800,7615127500
1,7611707100,2594700,7609112400
1,7613161300,2637000,7610524300
1,7611410500,2644400,7608766100
1,7607309600,2637700,7604671900
1,7614071900,2590900,7611481000
1,7607398300,2682100,7604716200
1,7611767000,2617600,7609149400
1,7614344100,2549000,7611795100
1,7608608700,2705900,7605902800
1,7614345100,2592000,7611753100
1,7615134600,2551300,7612583300
1,7611150300,2635100,7608515200
1,7609529700,2562500,7606967200
1,7613311200,2682300,7610628900
1,7613366000,2693600,7610672400
1,7611596200,2697200,7608899000
1,7611014000,2658300,7608355700
1,7613549900,2623800,7610926100
1,7614663500,2698900,7611964600
1,7613013700,2681600,7610332100
1,7614315900,2682700,7611633200
1,7614929500,2638100,7612291400
1,7617009300,2671100,7614338200
1,7606274500,2666400,7603608100
1,7615948300,2713300,7613235000
1,7611319600,2651100,7608668500
1,7610492500,2715000,7607777500
1,7613833500,2634500,7611199000
1,7609489600,2599000,7606890600
1,7609985500,2655200,7607330300
1,7613175700,2720700,7610455000
1,7610467400,2635700,7607831700
1,7613519600,2630200,7610889400
1,7611537700,2628900,7608908800
1,7606992500,2673400,7604319100
1,7608442400,2601500,7605840900
1,7608773900,2578900,7606195000
1,7610031700,2744300,7607287400
1,7611795200,2655500,7609139700
1,7610519500,2665300,7607854200
1,7611417100,2651900,7608765200
1,7611661000,2671700,7608989300
1,7613376200,2661400,7610714800
1,7612003100,2593300,7609409800
1,7610323700,2635600,7607688100
1,7612525700,2654700,7609871000
1,7606103700,2636800,7603466900
1,7613694500,2585800,7611108700
1,7611587200,2683500,7608903700
1,7611438000,2658000,7608780000
1,7609955400,2619000,7607336400
1,7613268100,2632800,7610635300
1,7612515900,2684600,7609831300
1,7610648900,2668900,7607980000
1,7614288700,2748500,7611540200
1,7611152200,2676500,7608475700
1,7609331100,2632900,7606698200
1,7612729100,2590900,7610138200
1,7610066300,2648600,7607417700
1,7614669300,2731500,7611937800
1,7608665300,2627100,7606038200
1,7610196700,2668300,7607528400
1,7612968000,2585600,7610382400
1,7612158200,2685400,7609472800
1,7608679900,2579300,7606100600
1,7615963900,2623300,7613340600
1,7611739500,2560100,7609179400
1,7614620900,2707300,7611913600
1,7610080100,2624100,7607456000
1,7606870100,2572100,7604298000
1,7608745000,2666700,7606078300
1,7614197200,2658600,7611538600
1,7626942700,2581700,7624361000
1,7609881800,2735700,7607146100
1,7611588800,2615700,7608973100
1,7616514500,2711900,7613802600
1,7611498600,2584200,7608914400
1,7614561400,2618100,7611943300
1,7614104500,2643700,7611460800
1,7612560300,2690600,7609869700
1,7613567400,2691000,7610876400
1,7608761300,2697600,7606063700
1,7614673200,2636000,7612037200
1,7610434400,2698100,7607736300
1,7609258300,2672900,7606585400
1,7610975800,2734200,7608241600
1,7607366700,2622000,7604744700
1,7606151900,2600300,7603551600
1,7610972400,2594200,7608378200
1,7612432100,2689700,7609742400
1,7610054900,2649800,7607405100
1,7607011400,2689000,7604322400
1,7608786800,2632000,7606154800
1,7616549500,2772100,7613777400
1,7611245700,2657100,7608588600
1,7617646100,2671400,7614974700
1,7607460000,2684000,7604776000
1,7611087000,2730800,7608356200
1,7612658600,2670300,7609988300
1,7611209700,2640300,7608569400
1,7614637800,2659300,7611978500
1,7609324800,2731000,7606593800
2,4876562700,981750300,3894812400
2,8996897200,840324500,8156572700
2,14005373400,593822500,13411550900
2,4900868900,871347300,4029521600
2,9236908700,872805200,8364103500
2,14156832300,633650500,13523181800
2,4939436000,903072600,4036363400
2,4897694400,869786600,4027907800
2,8932315800,879358000,8052957800
2,9846241900,832188400,9014053500
2,9260303900,861917200,8398386700
2,9028209200,834835200,8193374000
2,4937009800,901893300,4035116500
2,4895620300,867980900,4027639400
2,4937262200,898232100,4039030100
2,4894019100,865119400,4028899700
2,4936775700,899857900,4036917800
2,4901107300,869542100,4031565200
2,4935201500,899067500,4036134000
2,4892596800,863520600,4029076200
2,14500431400,699040200,13801391200
2,9948539000,825817200,9122721800
2,14238202100,604127600,13634074500
2,9827476900,849794600,8977682300
2,9272983700,859801800,8413181900
2,4899924100,870198900,4029725200
2,4915845600,889202600,4026643000
2,4900101700,871501300,4028600400
2,8905055700,861121400,8043934300
2,4896106500,866346300,4029760200
2,4940897800,904050600,4036847200
2,4896342100,865549100,4030793000
2,4934417500,897692800,4036724700
2,4899547100,866999000,4032548100
2,4935704500,897544900,4038159600
2,4892626900,863077400,4029549500
2,4935946600,900735700,4035210900
2,4899257400,870588700,4028668700
2,4931274900,895986000,4035288900
2,4899342200,871185700,4028156500
2,4937204300,901142100,4036062200
2,4899190000,870936800,4028253200
2,4927503900,894577300,4032926600
2,4898317700,871370100,4026947600
2,4927167000,895634600,4031532400
2,4895288300,865675400,4029612900
2,4928051100,894016900,4034034200
2,4896454400,866423200,4030031200
2,4927556800,893834200,4033722600
2,4895182600,866656600,4028526000
2,4934208900,897022600,4037186300
2,4898812200,869590600,4029221600
2,4934218400,898027800,4036190600
2,4893290700,865638100,4027652600
2,4935621900,898719800,4036902100
2,4897762100,867774600,4029987500
2,4935606400,897986600,4037619800
2,4899393300,869207500,4030185800
2,4937382200,899922800,4037459400
2,4893904400,864651700,4029252700
2,4934414600,897875700,4036538900
2,4896589200,868768500,4027820700
2,4936836300,900803700,4036032600
2,4895149900,867186300,4027963600
2,4928755500,894640000,4034115500
2,4895715300,869065800,4026649500
2,4933482900,897719200,4035763700
2,4894307300,866523800,4027783500
2,4929128500,894338300,4034790200
2,14055080000,642308600,13412771400
2,4941186000,904175400,4037010600
2,4898526700,868184800,4030341900
2,4938184500,904593200,4033591300
2,4842324400,822075600,4020248800
2,4933962800,899561500,4034401300
2,4900919400,872973300,4027946100
2,4927959300,894143700,4033815600
2,4899011800,868508800,4030503000
2,4928679500,893284900,4035394600
2,4896770600,867403700,4029366900
2,4947398100,911284600,4036113500
2,4897055700,870124600,4026931100
2,4945144000,908358900,4036785100
2,4898266400,869954000,4028312400
2,4936028500,900275100,4035753400
2,4893390200,865908700,4027481500
2,4936835700,902863300,4033972400
2,4896168200,866298600,4029869600
2,4929526300,894986500,4034539800
2,4906146400,878262600,4027883800
2,4932343000,899048700,4033294300
2,4897416500,869382000,4028034500
2,4930945600,895680200,4035265400
2,4901103700,871834600,4029269100
2,4936751100,902930000,4033821100
2,4894552600,865466200,4029086400
2,13834935100,605550500,13229384600
2,4892417100,862655800,4029761300
2,4876592600,854380500,4022212100
2,4893863200,864302100,4029561100
2,4933169700,899264800,4033904900
2,4899493600,869898000,4029595600
2,4939412500,904051700,4035360800
2,9083152100,836527500,8246624600
2,4936516700,902145700,4034371000
2,4896068700,866924300,4029144400
2,4935902000,901720600,4034181400
2,4897000300,864592000,4032408300
2,4937722400,900233200,4037489200
2,4898304600,868351400,4029953200
2,4937764800,899318400,4038446400
2,4898079600,869622200,4028457400
2,4936219600,900822700,4035396900
2,4908478700,878985500,4029493200
2,4934585200,899179100,4035406100
2,4896818300,865486200,4031332100
2,4928893700,892898400,4035995300
2,4898958100,867638400,4031319700
2,4935618300,898368200,4037250100
2,4898377500,869013400,4029364100
2,4939581200,901632000,4037949200
2,4901112100,867552700,4033559400
2,4935393800,899247600,4036146200
2,4893938700,861834400,4032104300
2,4943913900,904726200,4039187700
2,4894586200,862126900,4032459300
2,4938217800,899103600,4039114200
2,4893151500,862414000,4030737500
2,4960542800,920693900,4039848900
2,4908332200,875856800,4032475400
2,4939327500,904370500,4034957000
2,4900581500,868340000,4032241500
2,4943002300,906373600,4036628700
2,4898919500,866017500,4032902000
2,4936558600,897384600,4039174000
2,11004676500,766858900,10237817600
2,4933896500,894951000,4038945500
2,4900516100,871158100,4029358000
2,4938020500,897889000,4040131500
2,4907829200,875290700,4032538500
2,4939941500,900326900,4039614600
2,4855877600,838034300,4017843300
2,4940668100,901958100,4038710000
2,4906148100,874469500,4031678600
2,4936593400,895909700,4040683700
2,4905184100,873271500,4031912600
2,4934401100,895535500,4038865600
2,4901067400,869651400,4031416000
2,4923577100,886095200,4037481900
2,4890374200,858415600,4031958600
2,4937296900,897222000,4040074900
2,4873554900,843519600,4030035300
2,4936520000,896223200,4040296800
2,4899047400,867685100,4031362300
2,4938739300,900310300,4038429000
2,9039785900,842243700,8197542200
2,13789949200,754796000,13035153200
2,14063757800,735291400,13328466400
2,14513090400,699594800,13813495600
2,8886065700,802038100,8084027600
2,14142970300,628870000,13514100300
2,14048723100,579834400,13468888700
2,9049780800,833524300,8216256500
2,9129937900,894816400,8235121500
2,8898007900,808885900,8089122000
2,14142945100,619514700,13523430400
2,9024204200,846950100,8177254100
2,8925744900,869538100,8056206800
2,8912927800,784528300,8128399500
2,14484506700,693029600,13791477100
2,13863127400,652958800,13210168600
2,15471175000,650802900,14820372100
2,9001552000,838497700,8163054300
2,14867658200,682969900,14184688300
2,10756615300,791959900,9964655400
2,15196734900,661199400,14535535500
2,9053159000,832092600,8221066400
2,9136880600,890556300,8246324300
2,4905412000,875081900,4030330100
2,4939223600,902028300,4037195300
2,4901559500,868978000,4032581500
2,4939678900,904309400,4035369500
2,4905283500,870936800,4034346700
2,4945503100,906125500,4039377600
2,4900014800,870504800,4029510000
2,4941788600,903402100,4038386500
2,4897954100,865239000,4032715100
2,4938940600,898313500,4040627100
2,4910867600,881333000,4029534600
2,4940570300,900821500,4039748800
2,4899262700,867336500,4031926200
2,4937276600,898625900,4038650700
2,4897495600,864673800,4032821800
2,4937459300,896884600,4040574700
2,4895808100,865004900,4030803200
2,4938756000,900469600,4038286400
2,4896906400,865857400,4031049000
2,4938872300,899818400,4039053900
2,4899527800,867632000,4031895800
2,4937127000,898941400,4038185600
2,4897704200,867076800,4030627400
2,4901467000,871697700,4029769300
2,4893758400,862117200,4031641200
2,8936148700,878597300,8057551400
2,4900578100,870832300,4029745800
2,4939828500,897788200,4042040300
2,4904742700,870455400,4034287300
2,4940425900,897812100,4042613800
2,4906085500,874294500,4031791000
2,4936911200,897192000,4039719200
2,4905558500,872944800,4032613700
2,4938506400,895308400,4043198000
2,4897840700,865144400,4032696300
2,4938094600,897232700,4040861900
2,4896543700,864275100,4032268600
2,4940885600,899931400,4040954200
2,4898747000,868054500,4030692500
2,4940950800,900672600,4040278200
2,4900633000,866884100,4033748900
2,4936156600,898809100,4037347500
2,9061239500,819611500,8241628000
2,8928714600,879948400,8048766200
2,10693645100,799549500,9894095600
2,14435887700,716241200,13719646500
2,8882324600,807182700,8075141900
2,9261832300,873510200,8388322100
2,13840457900,606142000,13234315900
2,14815777900,697367600,14118410300
2,9185600300,808428600,8377171700
2,13669414700,638509100,13030905600
2,9048633100,843654500,8204978600
2,14510066600,694705900,13815360700
2,13743181600,637060000,13106121600
2,8984762200,872084600,8112677600
2,8887808800,813521300,8074287500
2,8974059800,882644200,8091415600
2,9050405300,835733400,8214671900
2,8907018200,875579700,8031438500
2,8903432300,790651400,8112780900
2,9288764100,848501700,8440262400
2,9553595000,858558100,8695036900
2,4941452900,902301100,4039151800
2,4900599100,866553400,4034045700
2,4936456100,897098600,4039357500
2,4902401200,868178900,4034222300
2,4942139600,903437300,4038702300
2,4902083600,867918500,4034165100
2,4945195300,907658700,4037536600
2,4900646400,868654400,4031992000
2,4937276300,899072900,4038203400
2,4909847100,877447200,4032399900
2,4941007400,902604100,4038403300
2,4902260200,871083000,4031177200
2,8996330500,867232600,8129097900
2,4896486200,862913100,4033573100
2,4948773100,911556500,4037216600
2,4899981700,869227900,4030753800
2,4938672200,899573900,4039098300
2,4896953900,864875100,4032078800
2,4934043200,895392200,4038651000
2,4900462100,866414900,4034047200
2,4943364300,904345000,4039019300
2,4904120600,872157600,4031963000
2,4887957900,860092700,4027865200
2,4901957200,869585500,4032371700
2,4937386600,900233900,4037152700
2,13972114800,711578900,13260535900
2,15214712800,663626000,14551086800
2,9022257600,841282700,8180974900
2,9127342600,900280000,8227062600
2,8895182700,808475100,8086707600
2,14219762600,608924100,13610838500
2,9042097200,835764100,8206333100
2,9152132100,895461200,8256670900
2,9053797300,841630500,8212166800
2,9149915700,891133300,8258782400
2,4896515600,864754500,4031761100
2,4948172000,908613600,4039558400
2,4903294000,871192700,4032101300
2,4935521400,897159100,4038362300
2,4901436500,868903800,4032532700
2,4939004900,901502100,4037502800
2,4903710900,871488300,4032222600
2,4938412000,898425100,4039986900
2,4898058400,865343000,4032715400
2,4936302700,899145700,4037157000
2,4906716900,874080600,4032636300
2,4936840100,899577500,4037262600
2,4851083100,829314800,4021768300
2,4936391900,899229200,4037162700
2,4897655000,863932300,4033722700
2,4935492400,901010500,4034481900
2,4899573600,870470000,4029103600
2,4934964500,897715800,4037248700
2,14128499700,727317500,13401182200
2,14291652300,699314300,13592338000
2,8901308500,803442200,8097866300
2,14695825800,685681100,14010144700
2,14407741900,680773300,13726968600
2,14413577300,700394200,13713183100
2,8886775900,807312400,8079463500
2,4878474800,851009400,4027465400
2,9040093300,833593800,8206499500
2,4937353500,896753000,4040600500
2,4902188600,870767600,4031421000
2,4938427500,898728300,4039699200
2,4899048000,868712400,4030335600
2,4941123400,899376600,4041746800
2,4902530800,871015800,4031515000
2,4937366400,898987800,4038378600
2,4909008000,876071100,4032936900
2,14278363800,616436600,13661927200
2,4899347500,866917600,4032429900
2,4933704200,894782900,4038921300
2,4903877800,870360000,4033517800
2,4925011300,887848800,4037162500
2,4902575900,872022300,4030553600
2,4937154500,902621700,4034532800
2,4895045600,865991000,4029054600
2,14926386000,703522000,14222864000
2,13895774200,738828400,13156945800
2,9221961800,878113300,8343848500
2,9003522200,858957900,8144564300
2,15023936400,674510800,14349425600
2,9009682400,831866900,8177815500
2,8923814100,877906700,8045907400
2,4900340000,866537200,4033802800
2,4935693800,895922400,4039771400
2,9015576900,845355500,8170221400
2,4935546000,898348500,4037197500
2,4898230300,866052900,4032177400
2,4931543100,893512600,4038030500
2,4899574100,864829200,4034744900
2,4935276200,894782100,4040494100
2,4895808200,867141500,4028666700
2,4937865500,898989200,4038876300
2,4901815100,870453800,4031361300
2,4933443400,894477500,4038965900
2,4892812700,861448000,4031364700
2,4943490100,905464800,4038025300
2,4900991600,868293400,4032698200
2,4937070400,899748400,4037322000
2,4899103400,864700800,4034402600
2,4912600500,879036400,4033564100
2,4901147200,867775700,4033371500
2,4944112300,906223200,4037889100
2,4897721000,865341700,4032379300
2,4935017500,896657900,4038359600
2,4896309700,865390000,4030919700
2,4924351900,887832700,4036519200
2,9053514700,833328600,8220186100
2,9075043800,898185500,8176858300
2,9598540200,861241900,8737298300
2,4933685700,893617100,4040068600
2,4894019500,861409400,4032610100
2,4938845400,899128300,4039717100
2,4910454300,876651600,4033802700
2,4936096000,896892200,4039203800
2,4892936500,859595700,4033340800
2,14833422200,690327300,14143094900
2,9644417700,862823800,8781593900
2,9100995300,891075000,8209920300
2,9036928300,808934400,8227993900
2,4934814700,895198300,4039616400
2,4900260800,867331400,4032929400
2,4935045500,896789000,4038256500
2,4899424400,867360900,4032063500
2,4953697900,918570700,4035127200
2,4899685300,870599200,4029086100
2,4933190100,895677200,4037512900
2,4913107700,882732500,4030375200
2,9005728200,863815600,8141912600
2,4891609700,861046600,4030563100
2,4935682500,898073900,4037608600
2,4895184400,863981700,4031202700
2,4955229300,917548400,4037680900
2,4899687300,868559100,4031128200
2,4941756400,901768200,4039988200
2,4891563600,860680700,4030882900
2,4937884400,899185300,4038699100
2,4903277900,868959600,4034318300
2,4940714100,903087100,4037627000
2,4898513800,866474900,4032038900
2,4937785400,900250900,4037534500
2,4896246100,865486000,4030760100
2,4939578900,903307500,4036271400
2,8997153400,860556900,8136596500
2,9326867500,851315800,8475551700
2,10981726400,763076800,10218649600
2,4934450900,896737500,4037713400
2,4897410900,866335200,4031075700
2,9124241300,909901000,8214340300
2,4897185000,867327700,4029857300
2,15148777000,666340600,14482436400
2,4896276000,865675400,4030600600
2,4938025200,900310100,4037715100
2,8999972100,859190300,8140781800
2,4924877500,889092700,4035784800
2,4897462400,866894200,4030568200
2,13795207400,611994200,13183213200
2,4903839600,871766000,4032073600
2,4936470400,900383000,4036087400
2,9019044300,838587200,8180457100
2,4933779500,896862800,4036916700
2,14135796900,703067000,13432729900
2,13674409900,749080200,12925329700
2,14092542500,720195200,13372347300
2,4938852400,900496100,4038356300
2,4899172800,866248500,4032924300
2,4940539200,903295800,4037243400
2,4899347900,869934800,4029413100
2,4938696400,899747400,4038949000
2,4892163100,863682300,4028480800
2,4933341700,897418100,4035923600
2,4896434000,866287500,4030146500
2,4939945700,901826300,4038119400
2,4899178400,866767000,4032411400
2,4937159400,895178100,4041981300
2,4899070700,865513400,4033557300
2,4941466700,900858700,4040608000
2,9073216100,828220200,8244995900
2,4940632300,907764800,4032867500
2,4889585000,856965100,4032619900
2,4936305400,902725600,4033579800
2,4896926700,864239800,4032686900
2,14251834500,673529900,13578304600
2,4901308400,867861400,4033447000
2,4944439000,906906700,4037532300
2,4889279300,856223700,4033055600
2,9569461100,965066000,8604395100
2,9132162100,827667300,8304494800
2,4939346000,903904000,4035442000
2,4907089500,870344300,4036745200
2,4937533700,902905700,4034628000
2,4899351500,867349200,4032002300
2,4939359600,904378900,4034980700
2,4901761300,867709500,4034051800
2,4950851200,914351200,4036500000
2,9132611400,840727300,8291884100
2,4941256900,905184000,4036072900
2,4904995700,870434900,4034560800
2,4935390900,897406800,4037984100
2,4903386200,868073400,4035312800
2,4946536100,907528600,4039007500
2,4898028600,864066300,4033962300
2,4940918800,906719500,4034199300
2,4904118000,868776400,4035341600
2,4927892800,892470900,4035421900
2,4911461700,880933100,4030528600
2,4940085300,904966900,4035118400
2,4895953800,856614300,4039339500
2,4943527800,906590200,4036937600
2,4898057900,866469000,4031588900
2,4930731900,897334700,4033397200
2,4899194100,863669000,4035525100
2,4941989600,906273400,4035716200
2,4900217300,863606600,4036610700
2,4945762200,908609200,4037153000
2,8825936600,811759700,8014176900
2,13878963400,642978400,13235985000
2,4899026600,866198300,4032828300
2,4941603100,904761000,4036842100
2,4896575700,867215700,4029360000
2,4936774800,901706800,4035068000
2,4897435400,863821400,4033614000
2,4940796000,902532100,4038263900
2,9696216600,822436900,8873779700
2,9486677600,899550100,8587127500
2,4903847800,869427700,4034420100
2,4958419800,924380500,4034039300
2,4899886700,865456900,4034429800
2,4943011500,906988400,4036023100
2,4899428200,864438200,4034990000
2,4945238700,909688700,4035550000
2,4902893400,869886300,4033007100
2,4940478400,901931600,4038546800
2,4842672700,820545200,4022127500
2,4886350100,871331600,4015018500
2,4893239800,858731000,4034508800
2,4943168100,906473200,4036694900
2,4890631600,860683800,4029947800
2,4938947400,908063100,4030884300
2,4898697100,865062000,4033635100
2,4941690500,903740600,4037949900
2,4899565800,865698900,4033866900
2,4940413000,905484600,4034928400
2,4896678900,864344000,4032334900
2,4939014100,902112900,4036901200
2,4900171800,865455600,4034716200
2,4944784200,907119200,4037665000
2,4895786200,860996500,4034789700
2,4947438900,911228100,4036210800
2,4899465100,866220500,4033244600
2,4901131200,872681900,4028449300
2,4900136900,867588300,4032548600
2,4943618600,908208800,4035409800
2,4897950100,866579600,4031370500
2,4941557500,906530500,4035027000
2,4905400400,869743800,4035656600
2,4942560400,907483100,4035077300
2,4888449800,852109000,4036340800
2,4878680000,852777300,4025902700
2,4880219100,842598600,4037620500
2,8799892200,835589200,7964303000
2,4898597400,864732000,4033865400
2,4950054300,908663600,4041390700
2,4918557800,875760400,4042797400
2,4891575800,878787600,4012788200
2,4910091600,876048400,4034043200
2,4944299300,905335900,4038963400
2,4902490800,867348400,4035142400
2,4943066300,905174200,4037892100
2,4900377000,865234500,4035142500
2,4939462800,902931900,4036530900
2,4902115900,867672700,4034443200
2,4940311700,903156700,4037155000
2,4897715800,863420000,4034295800
2,4934355500,899240000,4035115500
2,4901644100,868794200,4032849900
2,4939847400,901487400,4038360000
2,4903183800,866754000,4036429800
2,4949834900,912067900,4037767000
2,4890560300,858512500,4032047800
2,4877766300,854883800,4022882500
2,4843319800,835030000,4008289800
2,4914675200,890420500,4024254700
2,4904713700,868974100,4035739600
2,4940381600,902371200,4038010400
2,4894319100,858921400,4035397700
2,8787828800,905538100,7882290700
2,8647621100,819544500,7828076600
2,14959069500,685061600,14274007900
2,8795077800,815593100,7979484700
2,13556234600,626710100,12929524500
2,9122004100,840949100,8281055000
2,8371552900,962904400,7408648500
2,9113646700,851782300,8261864400
2,8803003700,895826800,7907176900
2,9086970300,820491800,8266478500
2,9431521400,896949200,8534572200
2,8796111500,826968000,7969143500
2,8759480500,851150600,7908329900
2,8653732400,806710000,7847022400
2,8801227100,907351300,7893875800
2,9121975400,844947300,8277028100
2,8440784600,996558200,7444226400
2,9289978500,880578300,8409400200
2,13987817100,613291800,13374525300
2,9583537800,808466500,8775071300
2,8582394900,986910200,7595484700
2,8689092900,788992700,7900100200
2,8341722500,1019065100,7322657400
2,8768101700,776130100,7991971600
2,4933275100,899390500,4033884600
2,4904996400,871457100,4033539300
2,4949662600,911774900,4037887700
2,4901218000,866473200,4034744800
2,4939317100,905117000,4034200100
2,4905299300,870492200,4034807100
2,4943417400,905862300,4037555100
2,4902087500,868343000,4033744500
2,4946107600,910449000,4035658600
2,4904789700,873604600,4031185100
2,4940298700,904554700,4035744000
2,4900957400,866621100,4034336300
2,4947009800,910836500,4036173300
2,4910527700,875947600,4034580100
2,4943094900,905599200,4037495700
2,4906687900,873917700,4032770200
2,4944638400,906342800,4038295600
2,4933959400,896182700,4037776700
2,4906703400,875259900,4031443500
2,4933293500,892742900,4040550600
2,4860524100,839606100,4020918000
2,4879390200,854059108,4025331092
2,4892619200,862724407,4029894793
2,4873436700,862812248,4010624452
2,4852672999,842602323,4010070676
2,4924852900,887085080,4037767820
2,4898330100,868533479,4029796621
2,4939987099,898704240,4041282859
2,4902975199,869729350,4033245849
2,4945064100,906551998,4038512102
2,4898493699,868367598,4030126101
2,4937805601,899992654,4037812947
2,4898135400,868297027,4029838373
2,4936676001,898181848,4038494153
2,4896279601,864947074,4031332527
2,4940536101,901297164,4039238937
2,4899822600,868101039,4031721561
2,4939753600,898552148,4041201452
2,4912957300,883272746,4029684554
2,4941801101,904546224,4037254877
2,4895156400,863661198,4031495202
2,4940862501,901570341,4039292160
2,4894638199,863239208,4031398991
2,4937161099,899436956,4037724143
2,4879549600,845454265,4034095335
2,4927102101,896738325,4030363776
2,4840951600,823402564,4017549036
2,4931614399,895052957,4036561442
2,4881171199,863578666,4017592533
2,4882883900,865821357,4017062543
2,4892069199,862088649,4029980550
2,4937791801,899119740,4038672061
2,4894322600,865444945,4028877655
2,4935407200,898434777,4036972423
2,4893602300,862567341,4031034959
2,4937648600,900201937,4037446663
2,4900311400,866968886,4033342514
2,4935647100,898409529,4037237571
2,4905092900,874211328,4030881572
2,4939342600,901222945,4038119655
2,4893207400,862181197,4031026203
2,4939858400,900983139,4038875261
2,4900421500,869372628,4031048872
2,4934789900,894690432,4040099468
2,4890286200,858329086,4031957114
2,4932759100,893829528,4038929572
2,4890498599,859310544,4031188055
2,4935147900,897527605,4037620295
2,4897070901,866141466,4030929435
2,4939622600,900303308,4039319292
2,4896269301,865912502,4030356799
2,4940068399,901964928,4038103471
2,4887228700,856793403,4030435297
2,4935896400,897618966,4038277434
2,4893564900,862990287,4030574613
2,15436894399,646045712,14790848687
2,8906951300,792081743,8114869557
2,13811121100,616804485,13194316615
2,9038025600,822392541,8215633059
2,8920921300,878451344,8042469956
2,10185593700,815230381,9370363319
2,8979747600,877285837,8102461763
2,9039525900,840432472,8199093428
2,9088323500,881579328,8206744172
2,9028013100,852715220,8175297880
2,9255735401,863751756,8391983645
2,8897150500,804350977,8092799523
2,14399392400,705114211,13694278189
2,9575963700,861054572,8714909128
2,8934536800,867205773,8067331027
2,9027055400,849577302,8177478098
2,15350197800,663885980,14686311820
2,9032959799,836816794,8196143005
2,9012502500,921713665,8090788835
2,10082321401,834990722,9247330679
2,15328245999,669770182,14658475817
2,9037944200,844914236,8193029964
2,14089312200,602177587,13487134613
2,9033919800,853365262,8180554538
2,9011647200,924894859,8086752341
2,14209439599,708392293,13501047306
2,8991880600,881804399,8110076201
2,13780218801,605198417,13175020384
2,8949822799,865548793,8084274006
2,9032088099,843073788,8189014311
2,8981945800,876591564,8105354236
2,9033896599,844580827,8189315772
2,15409478700,657402994,14752075706
2,13758758700,614232998,13144525702
2,8996492801,865306820,8131185981
2,9038770200,834766118,8204004082
2,14812313399,698789818,14113523581
2,8902961300,813401175,8089560125
2,14035099400,623290019,13411809381
2,8887461000,794193951,8093267049
2,9000326800,872791784,8127535016
2,13881602400,640737861,13240864539
2,13911611601,601990424,13309621177
2,9004263799,830942301,8173321498
2,8894434400,889152508,8005281892
2,13575704800,666512335,12909192465
2,9143952300,908820381,8235131919
2,9027295399,837555324,8189740075
2,13996937999,647012823,13349925176
2,9644329600,866254707,8778074893
2,4936900200,898863192,4038037008
2,14080274299,700752484,13379521815
2,14682131201,697891117,13984240084
2,10393632700,793140421,9600492279
2,14282393501,716878326,13565515175
2,8893546500,795552441,8097994059
2,13951875600,609045834,13342829766
2,8776615200,759310757,8017304443
2,8790281900,917900715,7872381185
2,8868830600,797782540,8071048060
2,9409425600,922850320,8486575280
2,8820461401,809327387,8011134014
2,8803171200,840717024,7962454176
2,8851287399,796011923,8055275476
2,9375992001,942719648,8433272353
2,9064631201,823235198,8241396003
2,8484252499,1006624155,7477628344
2,9104299001,827698790,8276600211
2,14251925300,705599488,13546325812
2,8832480000,811298459,8021181541
2,9400625600,923665060,8476960540
2,9303229300,864886849,8438342451
2,14930441599,687896541,14242545058
2,9649782000,834676689,8815105311
2,14319954600,600222161,13719732439
2,4895074701,859015623,4036059078
2,4938966700,903006725,4035959975
2,4906057800,872885272,4033172528
2,4943966700,907999510,4035967190
2,4899518100,866254699,4033263401
2,4943548799,907618020,4035930779
2,4902747200,869059521,4033687679
2,4942875200,908530163,4034345037
2,4901774800,868426555,4033348245
2,4940123400,905871989,4034251411
2,4899789000,866493695,4033295305
2,4939184600,905317659,4033866941
2,4898643900,862359489,4036284411
2,4942945600,908455029,4034490571
2,4879795400,845507630,4034287770
2,4957024200,920901378,4036122822
2,4903090701,868445062,4034645639
2,4942345000,907929669,4034415331
2,4901416500,867313998,4034102502
2,4941625200,905392850,4036232350
2,4902286801,868222806,4034063995
2,4941943901,905163482,4036780419
2,4888001600,858690893,4029310707
2,4936117199,901480229,4034636970
2,4898599700,865638822,4032960878
2,4932897900,899484846,4033413054
2,4900175801,865300171,4034875630
2,4940434700,905351727,4035082973
2,4903894700,867389383,4036505317
2,4947696000,911670208,4036025792
2,4901476500,866921100,4034555400
2,4937257700,903404400,4033853300
2,4904966700,867951600,4037015100
2,4943508100,906486000,4037022100
2,4901590600,868930600,4032660000
2,4948774000,910997900,4037776100
2,4899276600,864020900,4035255700
2,4940760700,906385400,4034375300
2,4904077800,869158000,4034919800
2,4945945500,909861900,4036083600
2,4903411700,868229500,4035182200
2,4940393800,905307800,4035086000
2,4899962300,865147800,4034814500
2,4945849600,910133600,4035716000
2,4899499300,863696600,4035802700
2,4948661000,915177500,4033483500
2,4900463300,866492800,4033970500
2,4915996500,887326900,4028669600
2,4901150000,867264000,4033886000
2,4944651400,908654500,4035996900
2,4898879600,863553100,4035326500
2,4941231900,906535400,4034696500
2,4898481400,864127400,4034354000
2,4941705000,904913200,4036791800
2,4893828200,862317600,4031510600
2,4942511100,907659000,4034852100
2,4903371000,869696800,4033674200
2,4947150800,911184900,4035965900
2,4895829700,862502100,4033327600
2,4941766500,903845700,4037920800
2,4900193900,865178300,4035015600
2,4939929100,905298400,4034630700
2,4900534000,866408100,4034125900
2,4943007100,907788000,4035219100
2,4901897400,867419100,4034478300
2,4958854600,921827200,4037027400
2,4900266300,864979900,4035286400
2,4943147000,905964100,4037182900
2,4900110600,868090500,4032020100
2,4919052500,895977400,4023075100
2,4896482300,862483500,4033998800
2,4933679500,897561700,4036117800
2,4892315600,858105000,4034210600
2,4937684400,900248500,4037435900
2,4853198800,828402500,4024796300
2,4936842300,901706100,4035136200
2,4893525500,859272300,4034253200
2,4942641800,906069000,4036572800
2,4904982900,871138300,4033844600
2,4941920300,907247200,4034673100
2,4898479300,866028300,4032451000
2,4940166400,902445500,4037720900
2,4898846600,866536000,4032310600
2,4942460000,905691500,4036768500
2,4898961100,866066600,4032894500
2,4946745100,909127700,4037617400
2,4900710900,867636700,4033074200
2,4939092900,902172900,4036920000
2,4898024400,862261400,4035763000
2,4943608300,905594000,4038014300
2,4900416700,865472200,4034944500
2,4935888400,897965300,4037923100
2,4895252300,860756500,4034495800
2,4940305400,901767400,4038538000
2,4896629800,865884100,4030745700
2,4948057100,912219900,4035837200
2,4850041700,833697800,4016343900
2,4920558800,887997100,4032561700
2,4899109600,864842200,4034267400
2,4885952100,862677500,4023274600
2,8761906200,780762300,7981143900
2,14343079200,699728300,13643350900
2,9604647000,848416900,8756230100
2,9427882200,908354000,8519528200
2,8665634500,803835400,7861799100
2,8766405900,837132700,7929273200
2,8828346900,811475200,8016871700
2,8769211500,850473500,7918738000
2,9104997900,850474700,8254523200
2,8382211600,958313400,7423898200
2,9105404300,862314800,8243089500
2,14077908200,611834700,13466073500
2,9638023800,836952800,8801071000
2,9538596500,962489900,8576106600
2,9074678400,819116400,8255562000
2,9573084800,969598100,8603486700
2,9143921100,833556100,8310365000
2,9460111200,895186800,8564924400
2,9060321300,831134500,8229186800
2,8377824400,968531300,7409293100
2,9676577100,840646700,8835930400
2,8390121000,959431500,7430689500
2,8641039300,800163700,7840875600
2,8572073500,1040909300,7531164200
2,8816031300,808952600,8007078700
2,13721149000,608532300,13112616700
2,4901482300,869033200,4032449100
2,4939931100,903739900,4036191200
2,4903828400,870650500,4033177900
2,4937296400,899453800,4037842600
2,4899161000,865175400,4033985600
2,4940962800,904825000,4036137800
2,4907150700,873012800,4034137900
2,4942415100,908163800,4034251300
2,4899237300,865168300,4034069000
2,4947674300,911876800,4035797500
2,4896234600,863686400,4032548200
2,9563626200,971967700,8591658500
2,9080512800,795386800,8285126000
2,8752783100,850356000,7902427100
2,9386602200,853571000,8533031200
2,9422917400,908057300,8514860100
2,9120694200,818021700,8302672500
2,14101207100,625692200,13475514900
2,8822513400,815790700,8006722700
2,14097052100,622760800,13474291300
2,8863438900,788338100,8075100800
2,4941157300,905650500,4035506800
2,4837001600,829481200,4007520400
2,4938197700,902357200,4035840500
2,8790574700,821955200,7968619500
2,4939086900,903314500,4035772400
2,4902523800,867613100,4034910700
2,4936121100,898537200,4037583900
2,4901564300,865303500,4036260800
2,4943817100,909486200,4034330900
2,4899754500,864477000,4035277500
2,4938772400,904138100,4034634300
2,4899849200,863461200,4036388000
2,4940100000,903874600,4036225400
2,4902906200,866568900,4036337300
2,4941896000,905186400,4036709600
2,4902251500,864951200,4037300300
2,4944478800,906665900,4037812900
2,4901056800,865264200,4035792600
2,4946286500,910076600,4036209900
2,4904664800,870077400,4034587400
2,4942319100,905344600,4036974500
2,4898772100,862904600,4035867500
2,4946313200,910490100,4035823100
2,4899640900,865184900,4034456000
2,4942857900,905523600,4037334300
2,4899778900,864348400,4035430500
2,4944645800,905888200,4038757600
2,4900957800,867997900,4032959900
2,4934712400,897531000,4037181400
2,9906219000,821027700,9085191300
2,9406630000,925711200,8480918800
2,9073677000,823257800,8250419200
2,14796135700,713577200,14082558500
2,8763029600,775840000,7987189600
2,14715396100,711976300,14003419800
2,8797459300,819667700,7977791600
2,8742901200,863128200,7879773000
2,9336698100,862168400,8474529700
2,13815915200,623669900,13192245300
2,8654182500,802552200,7851630300
2,9455504200,900862400,8554641800
2,8828826600,815141200,8013685400
2,8400686500,949575400,7451111100
2,9107735900,823044500,8284691400
2,8273866100,982132100,7291734000
2,9136667400,830954600,8305712800
2,9567867000,977079600,8590787400
2,8750919800,781321000,7969598800
2,8371903900,930068600,7441835300
2,4896640400,864616500,4032023900
2,4943024700,906701200,4036323500
2,4905368800,870284100,4035084700
2,4932568000,896623400,4035944600
2,4906587100,874436300,4032150800
2,4938840000,904509100,4034330900
2,4899977800,864846200,4035131600
2,4934414200,898518400,4035895800
2,4925408300,889907500,4035500800
2,4948005700,915666100,4032339600
2,4902489000,867529500,4034959500
2,4935130800,899911800,4035219000
2,4896742800,861664500,4035078300
2,4938611700,901735300,4036876400
2,4904228400,868649900,4035578500
2,4940863200,904309900,4036553300
2,4900794000,865807800,4034986200
2,4941429000,906481700,4034947300
2,4901240100,866653500,4034586600
2,4945897600,909512700,4036384900
2,4904200300,869190000,4035010300
2,4938897500,904100600,4034796900
2,4900902600,865672500,4035230100
2,4943565500,910204800,4033360700
2,4895902800,862345200,4033557600
2,4942219600,905664800,4036554800
2,4897398700,864688600,4032710100
2,9553732300,974825900,8578906400
2,9095392600,809562600,8285830000
2,4923263300,890865800,4032397500
2,9794115000,824130300,8969984700
2,9385581500,940465600,8445115900
2,9083804200,814247800,8269556400
2,14740471900,701601500,14038870400
2,8833545200,808022500,8025522700
2,14092019500,614634200,13477385300
2,8844510500,800268200,8044242300
2,8737440500,869117000,7868323500
2,8759284100,777791200,7981492900
2,9569103300,966663700,8602439600
2,8649621500,797876900,7851744600
2,8796054500,905194300,7890860200
2,8813468600,813109000,8000359600
2,8368040100,945601100,7422439000
2,8763152500,767445900,7995706600
2,9565223900,980273700,8584950200
2,9394026800,857984000,8536042800
2,9408661600,907204100,8501457500
2,8802261500,823288400,7978973100
2,8792947000,900590400,7892356600
2,8827691200,806494700,8021196500
2,9378000600,938044600,8439956000
2,8759531300,782183000,7977348300
2,8979373900,821814800,8157559100
2,4930834500,893143500,4037691000
2,9785856000,848653100,8937202900
2,9116485300,892643000,8223842300
2,14019884700,619763900,13400120800
2,14109679900,631052000,13478627900
2,9062272200,812607700,8249664500
2,14510517000,681870600,13828646400
2,9028223600,821587400,8206636200
2,15189624500,654437500,14535187000
2,13957424000,703203700,13254220300
2,8958445500,864686500,8093759000
2,13690116900,617789000,13072327900
2,14638339400,707385000,13930954400
2,9042759500,833593800,8209165700
2,8985960200,872523400,8113436800
2,9798206200,833619800,8964586400
2,9108005900,893288100,8214717800
2,13905397400,638720100,13266677300
2,8975200100,880735200,8094464900
2,14038199200,607444400,13430754800
2,14790606200,667054500,14123551700
2,9004296400,813852300,8190444100
2,9119250700,908337300,8210913400
2,14198037000,661646100,13536390900
2,8974266400,874827700,8099438700
2,4888775800,857382500,4031393300
2,4939027800,901412200,4037615600
2,4894008400,862779700,4031228700
2,4935897400,897508200,4038389200
2,4901714400,869574100,4032140300
2,4939792700,899365300,4040427400
2,4897581900,865666700,4031915200
2,4940573400,899819700,4040753700
2,4897949000,865828500,4032120500
2,4941217500,903194400,4038023100
2,4913832800,881764200,4032068600
2,4938276100,896425000,4041851100
2,4899512800,866612300,4032900500
2,4939414700,902724900,4036689800
2,4899397500,867729000,4031668500
2,4888048400,858428100,4029620300
2,4895511100,863311000,4032200100
2,4937608000,899237300,4038370700
2,4903974400,871298000,4032676400
2,4941140900,904519500,4036621400
2,4851591100,829767100,4021824000
2,4874535100,860760100,4013775000
3,6042485800,2571986300,3470499500
3,6072939600,2761856400,3311083200
3,4114570800,1362798000,2751772800
3,6248445100,2778081000,3470364100
3,4097572100,1350386700,2747185400
3,4126727100,1377718500,2749008600
3,4131362700,1377421800,2753940900
3,4123615600,1372903100,2750712500
3,6220829700,2742731400,3478098300
3,6144114400,2665731100,3478383300
3,6205992800,2746059300,3459933500
3,4121600900,1371832600,2749768300
3,6317565200,2862717700,3454847500
3,6426349500,2946191400,3480158100
3,4123303000,1374482200,2748820800
3,4127754100,1376930300,2750823800
3,6225387100,2751094900,3474292200
3,4121422700,1375490300,2745932400
3,4107172900,1360093100,2747079800
3,9267084700,3146601200,6120483500
3,8504887600,2743140900,5761746700
3,6451005700,2919201200,3531804500
3,5926090700,2426782600,3499308100
3,9665862200,3109444800,6556417400
3,4099471700,1352690300,2746781400
3,4119592100,1373266200,2746325900
3,7271567200,2436724500,4834842700
3,7569024200,2362639300,5206384900
3,4099214000,1353364900,2745849100
3,4115718200,1370533300,2745184900
3,4127556500,1380806600,2746749900
3,4121416800,1373193800,2748223000
3,7733734600,2358350300,5375384300
3,7450393400,2369211100,5081182300
3,9927641300,4644357300,5283284000
3,7834797700,2266735300,5568062400
3,4103329300,1355629800,2747699500
3,4127803700,1381258000,2746545700
3,4123909500,1372833900,2751075600
3,4119574600,1370837600,2748737000
3,4122933700,1374077600,2748856100
3,8110383100,2554916900,5555466200
3,9811390500,3230579400,6580811100
3,7487802900,2444840200,5042962700
3,9029057400,3055792600,5973264800
3,4127902800,1376771200,2751131600
3,4134374300,1382343000,2752031300
3,4121877300,1373138400,2748738900
3,4093842800,1347640100,2746202700
3,5786797000,2265184000,3521613000
3,4115149500,1364498200,2750651300
3,4121065300,1371981700,2749083600
3,8439231500,2702481700,5736749800
3,8085113900,2512623200,5572490700
3,9390976100,3195238900,6195737200
3,4118931200,1370092500,2748838700
3,7884794500,2480835300,5403959200
3,7970122100,2343206000,5626916100
3,9902174900,4533182100,5368992800
3,7401291900,2351194800,5050097100
3,4111988200,1362401100,2749587100
3,4129716300,1378173800,2751542500
3,4127482800,1379343700,2748139100
3,4120257900,1368511200,2751746700
3,5993735000,2511613300,3482121700
3,5800798500,2274246100,3526552400
3,6197115900,2698179000,3498936900
3,6284682100,2811515900,3473166200
3,4101325100,1354887100,2746438000
3,4118539700,1373136200,2745403500
3,4127324600,1379114100,2748210500
3,4097664100,1350932000,2746732100
3,8772942300,2943666100,5829276200
3,7455017600,2337561200,5117456400
3,10007239300,4730845400,5276393900
3,8192700300,2439009600,5753690700
3,4102811600,1354675600,2748136000
3,4120274100,1370645100,2749629000
3,4048942700,1321420000,2727522700
3,4116806200,1369574900,2747231300
3,6165082500,2852756200,3312326300
3,6088718600,2546059200,3542659400
3,5629464600,2104934200,3524530400
3,8013990500,2324125900,5689864600
3,4097243700,1351021600,2746222100
3,4119343600,1373747700,2745595900
3,4119387900,1371399100,2747988800
3,9935935400,3116197900,6819737500
3,9935946600,4688525800,5247420800
3,9066527000,3099859500,5966667500
3,9732451400,3329695500,6402755900
3,4133481000,1381019100,2752461900
3,4120694000,1368884500,2751809500
3,4095416500,1348413300,2747003200
3,4128138000,1378131300,2750006700
3,5523791000,2143153900,3380637100
3,6023131800,2451241700,3571890100
3,6004489900,2513143500,3491346400
3,6111731500,2628999500,3482732000
3,4115131600,1369144300,2745987300
3,4128848800,1379847700,2749001100
3,4100366000,1353701500,2746664500
3,4119390700,1372080900,2747309800
3,7195940100,2405461800,4790478300
3,9309511000,3211125900,6098385100
3,9262385600,3286102400,5976283200
3,7234838400,2300815500,4934022900
3,4125048900,1372749600,2752299300
3,4122192800,1370727900,2751464900
3,4096258300,1349736400,2746521900
3,6110029900,2611009100,3499020800
3,6345955000,2811538500,3534416500
3,6222634200,2763589600,3459044600
3,6038014600,2720396900,3317617700
3,4120393900,1374358500,2746035400
3,4095374400,1348272900,2747101500
3,4122872000,1374516100,2748355900
3,4096685900,1349304500,2747381400
3,9337515300,3881564400,5455950900
3,7299347500,2363776700,4935570800
3,8011785800,2289178000,5722607800
3,9621057400,4331837900,5289219500
3,4128899800,1377625600,2751274200
3,4126434600,1378005700,2748428900
3,4120837100,1370945800,2749891300
3,4099811300,1353969900,2745841400
3,4121077600,1374381900,2746695700
3,9890761200,3062669400,6828091800
3,9112105700,3132892000,5979213700
3,9066863900,3053469800,6013394100
3,7175472900,2323404400,4852068500
3,4128242700,1375069000,2753173700
3,4054662900,1325689300,2728973600
3,4096664000,1348870100,2747793900
3,4123409900,1377331300,2746078600
3,6314696600,2778841700,3535854900
3,6205921100,2703808400,3502112700
3,6018215400,2528083300,3490132100
3,5641299200,2119658600,3521640600
3,4130625300,1380583800,2750041500
3,4108819500,1357487200,2751332300
3,4094363600,1349922800,2744440800
3,4121917900,1377114300,2744803600
3,9969701200,3215969800,6753731400
3,9263244600,3163338300,6099906300
3,8988545500,3026212200,5962333300
3,7244703500,2319388800,4925314700
3,4044727900,1307801700,2736926200
3,4121259300,1369112400,2752146900
3,4090423700,1344201900,2746221800
3,4117710500,1372069900,2745640600
3,7291056700,2351920800,4939135900
3,9746685200,3215554100,6531131100
3,9636821700,4352997000,5283824700
3,9605941300,4426010100,5179931200
3,4143931000,1394191400,2749739600
3,4133111400,1382192200,2750919200
3,4099477600,1351152000,2748325600
3,4123478200,1376143200,2747335000
3,4096845900,1349194300,2747651600
3,4115094000,1367207800,2747886200
3,8246708800,2525907800,5720801000
3,8074457900,2511215300,5563242600
3,8324785300,2651983700,5672801600
3,7547131200,2395566500,5151564700
3,4149797100,1396586300,2753210800
3,4113754100,1366306700,2747447400
3,4129858700,1376999300,2752859400
3,6204488900,2712516500,3491972400
3,4095442700,1348574300,2746868400
3,9646870600,4500557300,5146313300
3,6052295300,2520711800,3531583500
3,4125449200,1374855700,2750593500
3,9077044900,3120504100,5956540800
3,4126972900,1377088900,2749884000
3,4126433400,1376025500,2750407900
3,9772499800,4458536800,5313963000
3,4070705500,1327831900,2742873600
3,4040337300,1299794300,2740543000
3,5533897000,2175867900,3358029100
3,4099601000,1353851800,2745749200
3,4097011300,1353171700,2743839600
3,8085515900,2536263700,5549252200
3,9788740300,3220335200,6568405100
3,4123313500,1373247900,2750065600
3,4094745800,1348484000,2746261800
3,7249749500,2314267200,4935482300
3,4130765600,1380273500,2750492100
3,4119936700,1369294800,2750641900
3,8141367200,2504957200,5636410000
3,9734458000,3359417500,6375040500
3,9895267100,4573906100,5321361000
3,4126011800,1374697200,2751314600
3,4093053300,1347498800,2745554500
3,4116312800,1367275100,2749037700
3,4126249900,1378756100,2747493800
3,4117949400,1363177000,2754772400
3,4098622700,1353386000,2745236700
3,4122568500,1375553500,2747015000
3,9390460100,3222498600,6167961500
3,10078946300,4793258400,5285687900
3,8315722900,2472959000,5842763900
3,6115350800,2622233300,3493117500
3,6553345900,3038628600,3514717300
3,6300643500,2841125600,3459517900
3,4083406100,1336396500,2747009600
3,6805300000,3296603600,3508696400
3,4119762400,1370806500,2748955900
3,4128091900,1377191500,2750900400
3,4061094300,1318970800,2742123500
3,7086908900,2388656500,4698252400
3,9980339700,3212583000,6767756700
3,4096586800,1353015900,2743570900
3,4082353200,1331145300,2751207900
3,6654410700,3131300900,3523109800
3,4122814400,1370581700,2752232700
3,4119690400,1366200400,2753490000
3,4092422800,1342664800,2749758000
3,4125006500,1372710400,2752296100
3,6348117700,2825990100,3522127600
3,6203300900,2701568600,3501732300
3,6264050500,2808682500,3455368000
3,4114224600,1364235500,2749989100
3,9797276000,4592142200,5205133800
3,9788072300,4490208700,5297863600
3,9410919100,4143511100,5267408000
3,4123004200,1374331600,2748672600
3,6208913400,2710512800,3498400600
3,4132253300,1381972600,2750280700
3,4099989500,1351373500,2748616000
3,4119661600,1367696700,2751964900
3,9864280100,3204410600,6659869500
3,7996313300,2246451400,5749861900
3,9023946200,3063127400,5960818800
3,4128015300,1376107700,2751907600
3,9890227200,4731194700,5159032500
3,4145140800,1389749800,2755391000
3,7683844200,2325428700,5358415500
3,4094804300,1345737500,2749066800
3,9291658300,3886973700,5404684600
3,6242720700,2769255500,3473465200
3,4124047400,1370822000,2753225400
3,4068881400,1324032200,2744849200
3,4036113100,1297929100,2738184000
3,4042568300,1312930200,2729638100
3,4092198600,1344385900,2747812700
3,4099159100,1347953900,2751205200
3,6094201300,2599107500,3495093800
3,4123863800,1372779300,2751084500
3,7943313300,2460500300,5482813000
3,4100041600,1348555300,2751486300
3,6155041300,2665151600,3489889700
3,8484296600,2736356400,5747940200
3,4120690200,1369418600,2751271600
3,9241356900,3269365200,5971991700
3,4123784800,1370319700,2753465100
3,5865498800,2350323100,3515175700
3,4126704100,1376030500,2750673600
3,4105705000,1357724300,2747980700
3,4121101500,1369527400,2751574100
3,6104524100,2603758900,3500765200
3,4123790100,1369751700,2754038400
3,8465334100,2709250600,5756083500
3,7446270800,2322814000,5123456800
3,4131162900,1378881200,2752281700
3,9404507300,4129970700,5274536600
3,4098994400,1347320900,2751673500
3,6130840800,2624383000,3506457800
3,5978347300,2433754300,3544593000
3,6029990700,2562836600,3467154100
3,4078693800,1334712300,2743981500
3,7186903800,2310822800,4876081000
3,4057277900,1324921700,2732356200
3,4126191000,1373525200,2752665800
3,8764797900,2906882400,5857915500
3,4067930100,1330627200,2737302900
3,9532579300,4498046700,5034532600
3,4113334600,1359765400,2753569200
3,4097897200,1347036900,2750860300
3,5676510500,2162696000,3513814500
3,4124122200,1372151600,2751970600
3,7943898600,2450341800,5493556800
3,4100412900,1351902400,2748510500
3,5659431900,2130840800,3528591100
3,4137668700,1386190900,2751477800
3,7995660200,2355934000,5639726200
3,4096438400,1345966300,2750472100
3,6640268800,3113700000,3526568800
3,4126168700,1374376700,2751792000
3,7991205500,2339817700,5651387800
3,4096211800,1346184300,2750027500
3,6146894000,2665358100,3481535900
3,4138503400,1387190100,2751313300
3,7531023800,2431483500,5099540300
3,4096175900,1346575800,2749600100
3,6717378900,3198486500,3518892400
3,4122318600,1372206900,2750111700
3,7574867600,2390658800,5184208800
3,4093805600,1345931400,2747874200
3,6149545300,2668670300,3480875000
3,9594634400,3300492300,6294142100
3,6220771700,2738403100,3482368600
3,4100389700,1351855200,2748534500
3,4078258200,1333500500,2744757700
3,4058695000,1315408900,2743286100
3,6199823200,2700388900,3499434300
3,6062660400,2589091100,3473569300
3,4094729500,1345611200,2749118300
3,9621521000,4563378500,5058142500
3,4117550600,1365206200,2752344400
3,4070268400,1323871900,2746396500
3,4123483600,1370581600,2752902000
3,6343605900,2816470700,3527135200
3,4127002200,1373283700,2753718500
3,7718980300,2340013100,5378967200
3,4137875800,1386207200,2751668600
3,5675461300,2089917200,3585544100
3,4128503300,1374953500,2753549800
3,4096924000,1347604600,2749319400
3,5895021200,2368346500,3526674700
3,4127092800,1375389100,2751703700
3,10123018500,4860294000,5262724500
3,4061044400,1320385800,2740658600
3,6110791100,2610922400,3499868700
3,6183735500,2688455100,3495280400
3,4125503000,1374053400,2751449600
3,8630500000,2780860700,5849639300
3,4122361500,1371042100,2751319400
3,6253759000,2766368000,3487391000
3,4129583000,1377746900,2751836100
3,5921866600,2425040400,3496826200
3,4122044600,1370643800,2751400800
3,10126870700,4846223700,5280647000
3,4128003500,1374166500,2753837000
3,6207933600,2715128300,3492805300
3,4097421000,1353902400,2743518600
3,9388050800,3198339700,6189711100
3,4127926700,1373548400,2754378300
3,6154021900,2822879000,3331142900
3,4076705800,1339911500,2736794300
3,8479945800,2771813600,5708132200
3,4122330300,1369070600,2753259700
3,8269588400,2477512600,5792075800
3,9446069900,4058593600,5387476300
3,4146227500,1390850400,2755377100
3,6446785600,2908681000,3538104600
3,4094092100,1344191700,2749900400
3,7925397600,2254666000,5670731600
3,4127724100,1372327400,2755396700
3,6237808900,2738448600,3499360300
3,4101693600,1350400200,2751293400
3,7961090500,2315615700,5645474800
3,4133226400,1378509200,2754717200
3,6184653500,2678765300,3505888200
3,4096222600,1346438400,2749784200
3,7996201600,2332534900,5663666700
3,4133536700,1379383000,2754153700
3,6192239600,2690390200,3501849400
3,4096930200,1347877200,2749053000
3,7434907100,2298725600,5136181500
3,4130857100,1376938800,2753918300
3,6190628100,2695224400,3495403700
3,4094571400,1344899300,2749672100
3,9149441600,3745122300,5404319300
3,4144203300,1388996000,2755207300
3,6205347400,2706328200,3499019200
3,4093935100,1344306100,2749629000
3,7978296900,2337340100,5640956800
3,4053646600,1307866300,2745780300
3,5869805300,2360199700,3509605600
3,6242860800,2790557500,3452303300
3,4124252200,1369957000,2754295200
3,4126846400,1374396800,2752449600
3,4120189500,1368267800,2751921700
3,8635979400,2770281500,5865697900
3,4098640500,1351613700,2747026800
3,4132944500,1380270100,2752674400
3,7862071200,2474813000,5387258200
3,4096147300,1346585900,2749561400
3,5670026400,2157306300,3512720100
3,4127331100,1374838100,2752493000
3,4121675600,1370752200,2750923400
3,9614072100,4311163300,5302908800
3,4124037500,1372834000,2751203500
3,6534701000,3014014400,3520686600
3,4122103600,1371815600,2750288000
3,4097694000,1347576800,2750117200
3,9661542100,3287590200,6373951900
3,4162645600,1412207900,2750437700
3,6024149700,2576977700,3447172000
3,8717471900,2909337700,5808134200
3,4119825600,1366784700,2753040900
3,6437139100,2923829100,3513310000
3,4127850800,1375445900,2752404900
3,8792947700,2928769900,5864177800
3,8079957700,2404911800,5675045900
3,4132241400,1379636400,2752605000
3,4142634300,1387938100,2754696200
3,4129659700,1374324900,2755334800
3,6262152900,2786734400,3475418500
3,9758970600,3438695100,6320275500
3,4123271500,1370875500,2752396000
3,6197766400,2896067700,3301698700
3,4017214100,1291774700,2725439400
3,4109819700,1359250200,2750569500
3,9954304400,4610816900,5343487500
3,4126214100,1374520000,2751694100
3,4098756700,1348329700,2750427000
3,4113919700,1364044300,2749875400
3,9885331600,4727961500,5157370100
3,4115690700,1362934500,2752756200
3,6193038700,2733764900,3459273800
3,4126705400,1374311900,2752393500
3,6637807900,3103927600,3533880300
3,4132961700,1380862700,2752099000
3,8359446100,2491870300,5867575800
3,4127374300,1375881500,2751492800
3,6090362000,2569559800,3520802200
3,4126712200,1375352700,2751359500
3,8112811700,2484367400,5628444300
3,4132672900,1379419600,2753253300
3,5658303800,2115326900,3542976900
3,4120344800,1368113000,2752231800
3,8172476300,2473250000,5699226300
3,4119281700,1368616000,2750665700
3,6643667800,3100795700,3542872100
3,4125209200,1371913100,2753296100
3,8492409600,2734129400,5758280200
3,4128646000,1375861900,2752784100
3,6031762000,2501872500,3529889500
3,4127997400,1375538800,2752458600
3,8372345900,2491898200,5880447700
3,4125143700,1372080400,2753063300
3,6413561900,2913875000,3499686900
3,4060936500,1316613200,2744323300
3,6000622100,2584204900,3416417200
3,4123148500,1373656900,2749491600
3,9716643900,4536663500,5179980400
3,4046520700,1316244100,2730276600
3,5935024700,2419551600,3515473100
3,4098464800,1349285600,2749179200
3,4124712200,1372235300,2752476900
3,9822674000,4504301800,5318372200
3,4100639600,1349816100,2750823500
3,9711073000,3307128400,6403944600
3,4141859000,1391531200,2750327800
3,7477856100,2409126900,5068729200
3,8883435100,2953451900,5929983200
3,8019313600,2491993700,5527319900
3,4129526900,1375090200,2754436700
3,9320676500,3234440900,6086235600
3,4096917200,1346461700,2750455500
3,5691459200,2327517700,3363941500
3,9855492700,4624420800,5231071900
3,4130356500,1379629400,2750727100
3,4098668200,1347931400,2750736800
3,6481439500,2952075600,3529363900
3,4125404300,1373434500,2751969800
3,9587503500,3228045500,6359458000
3,8404938000,2618722000,5786216000
3,4126984700,1378346400,2748638300
3,4134512000,1383144600,2751367400
3,6167220900,2657156200,3510064700
3,6254181500,2785862700,3468318800
3,4126500700,1375695400,2750805300
3,9520630900,3276092500,6244538400
3,4123421000,1369381800,2754039200
3,6060534700,2767518200,3293016500
3,4088997700,1349781100,2739216600
3,9496275200,4339195900,5157079300
3,4040464500,1299906600,2740557900
3,5923626400,2423771300,3499855100
3,4040773900,1314145400,2726628500
3,4107570300,1355345200,2752225100
3,9640336400,4355557600,5284778800
3,4103353500,1351526800,2751826700
3,6164692700,2672760600,3491932100
3,4132573500,1379339800,2753233700
3,6282938600,2823347400,3459591200
3,4092433200,1341700300,2750732900
3,7460696100,2348984200,5111711900
3,4131738100,1380148100,2751590000
3,4128847900,1374241200,2754606700
3,4105589100,1354115400,2751473700
3,6181970500,2815660700,3366309800
3,4123159200,1372146000,2751013200
3,4126846100,1375604300,2751241800
3,6063572300,2594679200,3468893100
3,4122316300,1371985400,2750330900
3,6229619000,2745559600,3484059400
3,4124765600,1371620700,2753144900
3,8104989800,2455831800,5649158000
3,4123558800,1371375700,2752183100
3,4165737200,1410811100,2754926100
3,7914158900,2196584500,5717574400
3,8901754900,2946280100,5955474800
3,4125796000,1374656200,2751139800
3,4127692400,1377513100,2750179300
3,9615615400,4390883200,5224732200
3,4069858500,1322493500,2747365000
3,6113088600,2633637100,3479451500
3,6405657500,2886134400,3519523100
3,8051494400,2386604800,5664889600
3,4030303200,1301750400,2728552800
3,6466491600,2940965900,3525525700
3,4107861800,1357207100,2750654700
3,6171374500,2666396800,3504977700
3,6262934400,2794066600,3468867800
3,4120034100,1366731400,2753302700
3,5634183700,2098782700,3535401000
3,4122729500,1370468000,2752261500
3,7904704900,2562715300,5341989600
3,4122963300,1370029600,2752933700
3,6660218700,3126049500,3534169200
3,4120112000,1366114500,2753997500
3,8448818600,2684844400,5763974200
3,4121165100,1369588700,2751576400
3,6061242000,2533347000,3527895000
3,4122273000,1369869700,2752403300
3,7844605500,2410734300,5433871200
3,4126201100,1373601100,2752600000
3,6030646500,2490312300,3540334200
3,4129428900,1376390400,2753038500
3,7724442100,2335148800,5389293300
3,4123718400,1372344900,2751373500
3,5657267400,2116740000,3540527400
3,4135174800,1381708900,2753465900
3,8754833900,2919079200,5835754700
3,4127121800,1376422500,2750699300
3,6415821200,2892366300,3523454900
3,4105624800,1351833400,2753791400
3,8285688500,2576662000,5709026500
3,4128259000,1376956500,2751302500
3,6768440700,3290099400,3478341300
3,4105099600,1353913600,2751186000
3,8701831700,2975333100,5726498600
3,4128678700,1378025300,2750653400
3,5700511700,2321426300,3379085400
3,6464067000,2938151700,3525915300
3,4092007300,1340266200,2751741100
3,9505057700,4102974400,5402083300
3,4129918300,1374731700,2755186600
3,6189998700,2694286300,3495712400
3,4096256500,1346784600,2749471900
3,9338594000,3957819700,5380774300
3,4137303800,1384692500,2752611300
3,5912683000,2396040000,3516643000
3,4100517100,1350779900,2749737200
3,9519978700,4137670600,5382308100
3,4133934700,1379775200,2754159500
3,6437102800,2905029300,3532073500
3,4100776900,1353312200,2747464700
3,8878682700,2927415700,5951267000
3,4126220800,1373044700,2753176100
3,5647140600,2131938100,3515202500
3,4120035700,1366993300,2753042400
3,8129614100,2507172200,5622441900
3,4121129800,1368545100,2752584700
3,5646967000,2119521900,3527445100
3,4121315600,1367191100,2754124500
3,8779571200,2913157900,5866413300
3,4122769600,1370496700,2752272900
3,6443135400,2935296200,3507839200
3,4121782200,1367368400,2754413800
3,7896396400,2448741200,5447655200
3,4051807300,1311770300,2740037000
3,5650897000,2120893500,3530003500
3,4125780400,1372661500,2753118900
3,8333868600,2509638800,5824229800
3,4048275700,1308157200,2740118500
3,4112028100,1358167700,2753860400
3,4124506000,1370284900,2754221100
3,6045156800,2538147500,3507009300
3,6185531800,2692257300,3493274500
3,5989767800,2477884100,3511883700
3,6280953800,2810031000,3470922800
3,4061650100,1316749000,2744901100
3,4122001500,1370234200,2751767300
3,4127701100,1375938500,2751762600
3,4124571700,1371702800,2752868900
3,8764938800,2916268800,5848670000
3,9776890700,3331383600,6445507100
3,4137136200,1381315600,2755820600
3,4128667200,1374640200,2754027000
3,4093474000,1344590800,2748883200
3,4118072500,1366594700,2751477800
3,6090164900,2587438300,3502726600
3,5855880500,2318034400,3537846100
3,6181595300,2714034100,3467561200
3,5640232700,2093180000,3547052700
3,4130701100,1376526200,2754174900
3,7837511300,2450023500,5387487800
3,4100304800,1351418700,2748886100
3,6487654900,2999707600,3487947300
3,4128840800,1377454500,2751386300
3,7531974900,2458750300,5073224600
3,4092805900,1342421200,2750384700
3,5666900700,2142236300,3524664400
3,4111546400,1361030400,2750516000
3,7868328700,2420326200,5448002500
3,4017080000,1277799000,2739281000
3,5671403300,2164155600,3507247700
3,4043092000,1316227200,2726864800
3,4124873200,1368988900,2755884300
3,6235623000,2723670000,3511953000
3,4118939400,1369964100,2748975300
3,9821294000,4582066300,5239227700
3,4131739000,1376033200,2755705800
3,6034307800,2570120700,3464187100
3,4124473000,1371411600,2753061400
3,9987120300,3226299000,6760821300
3,4137764300,1383272000,2754492300
3,5919561100,2400395800,3519165300
3,4117035300,1365048800,2751986500
3,9880140200,4636716900,5243423300
3,4126348500,1375737900,2750610600
3,6250439800,2839069400,3411370400
3,4116132500,1365657000,2750475500
3,7267072300,2356098000,4910974300
3,4136684600,1383806500,2752878100
3,6061096200,2588489600,3472606600
3,4121509800,1368996900,2752512900
3,7431223500,2438022800,4993200700
3,4123836100,1371010200,2752825900
3,6225444800,2752066300,3473378500
3,4119756800,1367084200,2752672600
3,9455288800,4393423300,5061865500
3,4173989700,1419367800,2754621900
3,6422446600,2924964900,3497481700
3,6350238300,3304996900,3045241400
3,7915660800,2505603400,5410057400
3,4170797100,1414686300,2756110800
3,5910173800,2384430900,3525742900
3,4131187700,1379643600,2751544100
3,9562288800,4528011500,5034277300
3,4101562400,1351953700,2749608700
3,4202176300,1430300900,2771875400
3,6113940300,2634830800,3479109500
3,4134104700,1382457000,2751647700
3,7926217500,2450877000,5475340500
3,4102589600,1351763600,2750826000
3,6635254100,3156710400,3478543700
3,4141929900,1389539200,2752390700
3,7794750300,2446683100,5348067200
3,4100672600,1352800300,2747872300
3,6430377000,2949229900,3481147100
3,4142015400,1388334300,2753681100
3,7925631300,2207867600,5717763700
3,4216087400,1455096700,2760990700
3,6419804400,2930212200,3489592200
3,4125926200,1374378200,2751548000
3,7936576000,2442683800,5493892200
3,4094984000,1346437100,2748546900
3,6149203900,2663290400,3485913500
3,4126137800,1375438700,2750699100
3,7561029300,2431680500,5129348800
3,4099718500,1348253200,2751465300
3,6712944100,3192436800,3520507300
3,4134936300,1382682300,2752254000
3,8249906400,2486822300,5763084100
3,4081993100,1333788300,2748204800
3,5646995800,2140285400,3506710400
3,4154644500,1399961200,2754683300
3,8032788600,2302826100,5729962500
3,4090572600,1340360900,2750211700
3,5655743500,2146017800,3509725700
3,4125137600,1373835100,2751302500
3,7520583500,2383217900,5137365600
3,9478527900,3479814700,5998713200
3,4100394400,1349965300,2750429100
3,6446865200,2933383800,3513481400
3,4126137600,1373477600,2752660000
3,8696345800,2816585600,5879760200
3,4119038700,1367258100,2751780600
3,5928862100,2423154300,3505707800
3,4116934500,1364980900,2751953600
3,9557524200,3508824600,6048699600
3,4126934700,1373492900,2753441800
3,6009315000,2501664300,3507650700
3,4121519400,1370566700,2750952700
3,8992965000,3053223900,5939741100
3,4121948400,1370072000,2751876400
3,6241795000,2746941500,3494853500
3,4126474400,1375730500,2750743900
3,9654365400,4348803800,5305561600
3,4123848500,1371079700,2752768800
3,6126196800,2591934100,3534262700
3,4128419200,1375676700,2752742500
3,4102236300,1353898400,2748337900
3,7211131500,2278861400,4932270100
3,4126684700,1375344800,2751339900
3,6276549200,2804816700,3471732500
3,4097588700,1349049400,2748539300
3,9609220300,3212289500,6396930800
3,4133603500,1380266800,2753336700
3,6274054400,2810793800,3463260600
3,4093718300,1345753600,2747964700
3,7158363800,2340804500,4817559300
3,4111555200,1356196300,2755358900
3,6174235700,2853678300,3320557400
3,4082814200,1335078200,2747736000
3,4122678100,1372095400,2750582700
3,9735829500,3143526400,6592303100
3,4128669600,1372406100,2756263500
3,6013440800,2522061700,3491379100
3,4123908100,1372494300,2751413800
3,7321133900,2361935200,4959198700
3,4122999200,1369421700,2753577500
3,6263708200,2790804800,3472903400
3,4125569700,1373113400,2752456300
3,9607181700,2985825200,6621356500
3,4123148200,1367407700,2755740500
3,6270178000,2801006700,3469171300
3,4118669100,1367568300,2751100800
3,10047845600,3233680100,6814165500
3,4122732000,1370650100,2752081900
3,6034694500,2553820900,3480873600
3,4126252700,1375250200,2751002500
3,7392402800,2365487900,5026914900
3,4134558600,1378979000,2755579600
3,6006574400,2533948000,3472626400
3,4124879600,1372803200,2752076400
3,10045328700,3218817800,6826510900
3,4119804700,1365678800,2754125900
3,6204297000,2719442700,3484854300
3,4115221500,1366047400,2749174100
3,9860203600,2985944900,6874258700
3,4140851300,1387989800,2752861500
3,6168497100,2666012200,3502484900
3,4104871000,1360176100,2744694900
3,9968490600,3130159100,6838331500
3,4038644600,1297311200,2741333400
3,6258034300,2773192800,3484841500
3,4108765300,1357600800,2751164500
3,7366322900,2369163400,4997159500
3,4124034600,1372082700,2751951900
3,6175865600,2679528800,3496336800
3,4127336200,1375975700,2751360500
3,9985987200,3212555900,6773431300
3,4127500700,1375841300,2751659400
3,6036735500,2549264500,3487471000
3,4122829900,1372207200,2750622700
3,10059395400,3215627000,6843768400
3,4131670400,1378951400,2752719000
3,6007793700,2522224800,3485568900
3,4119642800,1369456800,2750186000
3,9844985900,4621939300,5223046600
3,4132746300,1378238000,2754508300
3,6002046400,2499011000,3503035400
3,4121595500,1371591900,2750003600
3,9867581200,3295676800,6571904400
3,4123033300,1369392900,2753640400
3,6013379000,2531529200,3481849800
3,4122219000,1371837300,2750381700
3,10012480900,3162429500,6850051400
3,4123768600,1370168200,2753600400
3,6268676300,2794927600,3473748700
3,4123503600,1372157900,2751345700
3,10033447900,3282228200,6751219700
3,4125090500,1371535200,2753555300
3,6032620100,2561382700,3471237400
3,4120177800,1369842400,2750335400
3,9857509000,4651901000,5205608000
3,4037802400,1309957900,2727844500
3,6223632000,2747070200,3476561800
3,4105324300,1356453700,2748870600
3,4123137400,1371910600,2751226800
3,7596218600,2379990700,5216227900
3,4099240800,1351240700,2748000100
3,5681031800,2169674900,3511356900
3,4128099800,1376957000,2751142800
3,7589882200,2381314600,5208567600
3,4097209200,1347642300,2749566900
3,6430106700,2947521200,3482585500
3,4122134200,1370441200,2751693000
3,7952463600,2440941200,5511522400
3,4102794500,1354645000,2748149500
3,6146150100,2662325200,3483824900
3,4122672200,1370995700,2751676500
3,8276951600,2510857100,5766094500
3,4104546300,1353415300,2751131000
3,6517856900,3035748100,3482108800
3,4129537800,1377944200,2751593600
3,7727756900,2352499900,5375257000
3,4110772900,1358080100,2752692800
3,6110768900,2630893800,3479875100
3,4164538100,1396964100,2767574000
3,7627038500,2459883500,5167155000
3,4098661400,1349323400,2749338000
3,6668731500,3142687700,3526043800
3,4088863500,1342963500,2745900000
3,7896021900,2424204400,5471817500
3,4091271700,1339743100,2751528600
3,5658062800,2138837900,3519224900
3,4098290500,1346684000,2751606500
3,7533667500,2428748600,5104918900
3,4019578400,1283771100,2735807300
3,5639420200,2128052700,3511367500
3,5627467300,2107280700,3520186600
3,4092260800,1343398500,2748862300
3,8306532500,2509740500,5796792000
3,4131219800,1377368000,2753851800
3,6314867400,2779043500,3535823900
3,4121761800,1369102700,2752659100
3,8305643300,2594661700,5710981600
3,4122298200,1368925500,2753372700
3,6060590700,2549166400,3511424300
3,4121157500,1369134900,2752022600
3,8424576800,2670464500,5754112300
3,4126220600,1372813200,2753407400
3,5616337100,2061953900,3554383200
3,4128943900,1378159000,2750784900
3,8849410700,2893194100,5956216600
3,4123250700,1372024900,2751225800
3,6058679100,2528766800,3529912300
3,4120593900,1367706600,2752887300
3,8258933100,2559326600,5699606500
3,4124497300,1371254300,2753243000
3,5672441700,2152081000,3520360700
3,4122566300,1369885400,2752680900
3,8431213900,2672427200,5758786700
3,4133878500,1381762100,2752116400
3,5774179000,2222145400,3552033600
3,4118729400,1366361600,2752367800
3,8135829800,2502436000,5633393800
3,4124006200,1371914300,2752091900
3,6296198400,2837313300,3458885100
3,4121088100,1367670900,2753417200
3,7895323800,2658856000,5236467800
3,4119633100,1369077300,2750555800
3,4105662800,1358066000,2747596800
3,6210540700,2705420400,3505120300
3,4091033200,1342018000,2749015200
3,8042860000,2545478400,5497381600
3,4126816400,1374225300,2752591100
3,6211225600,2705153300,3506072300
3,4096669900,1347438300,2749231600
3,9282171600,3905738400,5376433200
3,4129163400,1376301000,2752862400
3,6214721300,2704840800,3509880500
3,4101303200,1351834000,2749469200
3,7950275400,2306281900,5643993500
3,4135572000,1378574500,2756997500
3,5858813600,2337183200,3521630400
3,4097001100,1350149000,2746852100
3,8113930200,2533060400,5580869800
3,4137704400,1381510200,2756194200
3,6419873500,2891683000,3528190500
3,4100083200,1349974500,2750108700
3,8191538200,2547020600,5644517600
3,4129145500,1374248600,2754896900
3,6539472700,3015111100,3524361600
3,4093811600,1343562200,2750249400
3,7440328700,2334081100,5106247600
3,4127266700,1374279400,2752987300
3,6177335200,2702896600,3474438600
3,4098253300,1350526900,2747726400
3,9364764300,3908976900,5455787400
3,4052277200,1324507800,2727769400
3,6223162400,2723128000,3500034400
3,4022333600,1297887600,2724446000
3,8125362200,2680772500,5444589700
3,4131293800,1378110900,2753182900
3,4108709600,1354044900,2754664700
3,6025474400,2559413400,3466061000
3,4127532600,1376688900,2750843700
3,7326835100,2311640800,5015194300
3,4137069000,1380002900,2757066100
3,6225418500,2753554100,3471864400
3,4095155900,1346591400,2748564500
3,7964067500,2330739800,5633327700
3,4131910500,1377571600,2754338900
3,6150678500,2639797700,3510880800
3,4101623200,1351133100,2750490100
3,7994185300,2499298500,5494886800
3,4134582600,1380586600,2753996000
3,6193108900,2688124500,3504984400
3,4105723500,1355954000,2749769500
3,7437557200,2293593100,5143964100
3,4127393400,1373136100,2754257300
3,6208635500,2707985500,3500650000
3,4092442300,1342780000,2749662300
3,9385042300,3980454600,5404587700
3,4136550500,1385731400,2750819100
3,5855351500,2320997100,3534354400
3,4094379300,1344266200,2750113100
3,9486306300,4059405200,5426901100
3,4137452500,1383416800,2754035700
3,6170909600,2669517500,3501392100
3,4100085900,1349682600,2750403300
3,9014427600,3687319100,5327108500
3,4129218800,1374988800,2754230000
3,6155162100,2839734900,3315427200
3,4016653800,1279270500,2737383300
3,7976938700,2336592200,5640346500
3,4109979000,1360461100,2749517900
3,6083625800,2611258300,3472367500
3,4096893000,1348985700,2747907300
3,7197037600,2302996700,4894040900
3,4131693000,1381856200,2749836800
3,6303210200,2838329200,3464881000
3,4092944300,1343999900,2748944400
3,9875874800,4655001500,5220873300
3,4127073600,1376071000,2751002600
3,6242662300,2776501500,3466160800
3,4097951000,1349864700,2748086300
3,9815136500,3393043700,6422092800
3,4128600500,1378444200,2750156300
3,6057440700,2575063500,3482377200
3,4098362500,1348956400,2749406100
3,9743558300,3337983200,6405575100
3,4121717100,1369688300,2752028800
3,6303916200,2838852700,3465063500
3,4095863600,1346819800,2749043800
3,7150624700,2338297000,4812327700
3,4129340500,1378195400,2751145100
3,6270147200,2800514200,3469633000
3,4077210000,1330417700,2746792300
3,9666531500,3035796300,6630735200
3,4138861900,1386670800,2752191100
3,6252656000,2797170500,3455485500
3,4094037000,1346462800,2747574200
3,9669616900,3250319000,6419297900
3,4060199700,1330530000,2729669700
3,6046814200,2592211200,3454603000
3,4010877600,1288704400,2722173200
3,4122887600,1370469000,2752418600
3,6074361100,2566763200,3507597900
3,9078095600,3106728900,5971366700
3,4096994900,1345861600,2751133300
3,5745895700,2213635700,3532260000
3,4125729300,1372686600,2753042700
3,9343809200,3262824700,6080984500
3,4109005200,1357441300,2751563900
3,6163801100,2663613700,3500187400
3,4133975000,1379694700,2754280300
3,9711779100,4366249900,5345529200
3,4105150500,1354272000,2750878500
3,5851230800,2336644500,3514586300
3,4130751400,1378231400,2752520000
3,9783247400,3253127200,6530120200
3,4098569900,1346094100,2752475800
3,6168334900,2680490200,3487844700
3,4119594900,1366836800,2752758100
3,10036674800,4767462800,5269212000
3,4106902100,1356140200,2750761900
3,6279293500,2784862900,3494430600
3,4129616000,1376758000,2752858000
3,9928460100,4670645300,5257814800
3,4108927900,1356753100,2752174800
3,6207810700,2711608100,3496202600
3,4123281200,1370303800,2752977400
3,9707284700,4360969500,5346315200
3,4102799200,1351282900,2751516300
3,6046511200,2721016700,3325494500
3,4042445800,1304219700,2738226100
3,9116923500,3149544400,5967379100
3,4020943300,1282131500,2738811800
3,5764904100,2335107800,3429796300
3,4126695900,1374515600,2752180300
3,4106096900,1359649300,2746447600
3,4091893900,1342736000,2749157900
3,9785099000,3393156000,6391943000
3,4125844500,1374874700,2750969800
3,6027983900,2556947300,3471036600
3,4095062600,1347621400,2747441200
3,7231953100,2304403900,4927549200
3,4123999900,1371872300,2752127600
3,6085378700,2617362100,3468016600
3,4136773000,1382262300,2754510700
3,9670425600,4503689900,5166735700
3,4131134900,1379578400,2751556500
3,6312093900,2847608700,3464485200
3,4088111600,1339707500,2748404100
3,9706844800,3265372300,6441472500
3,4129261100,1376688600,2752572500
3,6056890700,2574211700,3482679000
3,4099040800,1351179800,2747861000
3,9736645700,3155204000,6581441700
3,4128588200,1375636900,2752951300
3,6305132000,2827778200,3477353800
3,4104559800,1354385700,2750174100
3,9982443400,4762199700,5220243700
3,4132551800,1379880600,2752671200
3,6309589000,2839909400,3469679600
3,4081286100,1329844900,2751441200
3,9785267700,3225917300,6559350400
3,4125522500,1374674100,2750848400
3,6168083600,2863312500,3304771100
3,4075492600,1328062600,2747430000
3,6893147300,2290414100,4602733200
3,4041685000,1303606200,2738078800
3,6022779800,2550114600,3472665200
3,4080499000,1330346900,2750152100
3,8001207300,2521852300,5479355000
3,4134528700,1380326400,2754202300
3,6158234500,2634283400,3523951100
3,4102004700,1350714300,2751290400
3,7973203700,2349324300,5623879400
3,4130659200,1378736700,2751922500
4,5734173600,2723678500,3010495100
4,5953509600,2817213500,3136296100
4,5578112100,2511201600,3066910500
4,4634483500,1387310100,3247173400
4,4867108500,1585096000,3282012500
4,5752226700,2606629900,3145596800
4,5509027800,2286641800,3222386000
4,4023293300,1855107300,2168186000
4,5504640300,2325617600,3179022700
4,4592961200,1443865400,3149095800
4,4934353500,1591816300,3342537200
4,4972090000,2142059200,2830030800
4,5521897300,2453770500,3068126800
4,4279456700,2105387700,2174069000
4,5334399100,1973485300,3360913800
4,4279211000,2106234700,2172976300
4,5174503600,1891371800,3283131800
4,5240392300,1902503900,3337888400
4,4127878500,1981073900,2146804600
4,4304856600,2141540900,2163315700
4,4849459900,1857144200,2992315700
4,4956671500,1814822300,3141849200
4,5148068200,2300532800,2847535400
4,5405412300,2022046700,3383365600
4,4955911300,2145173200,2810738100
4,4488711800,2313623600,2175088200
4,5268144800,2264909300,3003235500
4,4491447500,2317000200,2174447300
4,5331804400,2351013500,2980790900
4,4489574200,2313674400,2175899800
4,5311833200,2340417500,2971415700
4,4489245500,2315574500,2173671000
4,5301987300,2364468400,2937518900
4,4582757300,2401200300,2181557000
4,5295609600,2417921500,2877688100
4,4621596400,2446287000,2175309400
4,5230561300,2404258900,2826302400
4,4988790700,1919355200,3069435500
4,5274663800,2467187500,2807476300
4,5253467800,2243298700,3010169100
4,4811843600,1922195800,2889647800
4,4995914600,1953000200,3042914400
4,5108810700,2137340500,2971470200
4,4572020700,2397807700,2174213000
4,5328605600,2427375900,2901229700
4,4579240900,2405390700,2173850200
4,5319565400,2453319700,2866245700
4,4606428000,2429769200,2176658800
4,5327839500,2425112100,2902727400
4,4603731300,2428658000,2175073300
4,5356647300,2437744300,2918903000
4,4606487500,2432253700,2174233800
4,5303024500,2407671600,2895352900
4,4602350400,2427657300,2174693100
4,5343367200,2442456900,2900910300
4,5451590600,2605024100,2846566500
4,4957953600,2750789900,2207163700
4,5723323700,2907606200,2815717500
4,5700850100,2854615500,2846234600
4,5846510800,2886106800,2960404000
4,5135025800,2933721800,2201304000
4,5732173500,2754897100,2977276400
4,5146256500,2943298800,2202957700
4,5775210900,3002272800,2772938100
4,5141475800,2936968000,2204507800
4,5668863900,2901105400,2767758500
4,5146356000,2939316800,2207039200
4,5773472500,2993438600,2780033900
4,5150036000,2940105200,2209930800
4,5713595000,2902558500,2811036500
4,5146412800,2937940700,2208472100
4,5771661200,2998607500,2773053700
4,5829755700,2877489600,2952266100
4,5110897900,2911292400,2199605500
4,5734780800,2984017600,2750763200
4,5042851800,2857733400,2185118400
4,5765386600,2906027200,2859359400
4,4751503300,2580946700,2170556600
4,5744592000,2937984100,2806607900
4,5090209300,2904156600,2186052700
4,5553848000,3032104400,2521743600
4,5617842400,2582997100,3034845300
4,5605692500,2525669800,3080022700
4,5670501800,2907900500,2762601300
4,5809409100,2759247300,3050161800
4,5704748000,2981522800,2723225200
4,5570215900,2890212000,2680003900
4,5668733600,2876821800,2791911800
4,5790986900,2619115000,3171871900
4,5563559500,3074185200,2489374300
4,5571403200,2907161400,2664241800
4,5660574400,2898233200,2762341200
4,5772147700,2707605000,3064542700
4,5575210100,3080455200,2494754900
4,5605916200,2568108100,3037808100
4,5641759900,2869476100,2772283800
4,5782257900,2631003200,3151254700
4,5706726100,2973178800,2733547300
4,5623775100,2553869900,3069905200
4,5666906600,2906669200,2760237400
4,5771593900,2693085600,3078508300
4,5543957800,3071048600,2472909200
4,5594470200,2674514000,2919956200
4,5683861900,2908465300,2775396600
4,5805183800,2693773200,3111410600
4,5565508700,3051276700,2514232000
4,5601167500,2767828400,2833339100
4,5630254600,2837843000,2792411600
4,5796476700,2651172800,3145303900
4,5560268500,3070406900,2489861600
4,5234644400,3025848300,2208796100
4,5933960600,3166784300,2767176300
4,4962642700,2800572200,2162070500
4,6005771600,3016251700,2989519900
4,5339330600,3141347200,2197983400
4,5291923600,3104017100,2187906500
4,5336198700,3141515100,2194683600
4,5928758700,3155813500,2772945200
4,5334683700,3137157600,2197526100
4,5953917600,3005808300,2948109300
4,5341616700,3144143900,2197472800
4,5955160700,2962136700,2993024000
4,5344690700,3149265100,2195425600
4,5960605800,3003046100,2957559700
4,5342672500,3147707200,2194965300
4,5936978200,3144365300,2792612900
4,5343124400,3149011400,2194113000
4,5914870800,3148863800,2766007000
4,5342783000,3143977900,2198805100
4,5988603500,2993176700,2995426800
4,5346109300,3146731600,2199377700
4,5975848500,3108103700,2867744800
4,5339946300,3143729200,2196217100
4,5956835300,3017670900,2939164400
4,5335727400,3141560500,2194166900
4,5939485300,3025528800,2913956500
4,5339340000,3142910100,2196429900
4,5919355500,3139453500,2779902000
4,5339673900,3145785300,2193888600
4,5959638600,3083045500,2876593100
4,5372517600,3173803500,2198714100
4,5992740800,3018711300,2974029500
4,5337312700,3140609300,2196703400
4,5915082000,3112554000,2802528000
4,5336256400,3141055200,2195201200
4,5995658100,3011383500,2984274600
4,5274223100,3098534600,2175688500
4,5709522400,2782303900,2927218500
4,5335301300,3140492600,2194808700
4,5591428900,2662576800,2928852100
4,5335439100,3141362900,2194076200
4,5264579700,3080851800,2183727900
4,5340365400,3145993300,2194372100
4,5961645800,2942186400,3019459400
4,5339276300,3145745100,2193531200
4,5918962400,3137062600,2781899800
4,5346454900,3151251200,2195203700
4,5947555800,3056608600,2890947200
4,5342354100,3144776900,2197577200
4,5954601800,3006193400,2948408400
4,5347795300,3150593700,2197201600
4,5970843800,2954210600,3016633200
4,5343113000,3146887500,2196225500
4,5957050500,3029918300,2927132200
4,5337522300,3139531300,2197991000
4,5975291700,3082599400,2892692300
4,5332390000,3137392000,2194998000
4,5960879100,3008604600,2952274500
4,5344914300,3150803400,2194110900
4,5961282100,2975367300,2985914800
4,5340238200,3144614600,2195623600
4,5970565500,3034538400,2936027100
4,5341540500,3146942700,2194597800
4,5957542100,3067029500,2890512600
4,5342856200,3148747000,2194109200
4,5949496700,3023031300,2926465400
4,5343503200,3144810400,2198692800
4,5923725800,3146182000,2777543800
4,5346823200,3149491700,2197331500
4,5899945900,3076451500,2823494400
4,5333126400,3138860400,2194266000
4,5921231800,3142239000,2778992800
4,5336742800,3141470500,2195272300
4,5920146300,3136003600,2784142700
4,5947931800,3142596700,2805335100
4,5867009500,2876992600,2990016900
4,5363051500,2852728800,2510322700
4,5299614400,3111497500,2188116900
4,5794315800,2958919800,2835396000
4,5972094900,3142295600,2829799300
4,5979444400,3010134400,2969310000
4,5822694600,3225649900,2597044700
4,5798580400,3061130000,2737450400
4,5859361800,3079826900,2779534900
4,6000936300,2994388300,3006548000
4,5962801200,3353234400,2609566800
4,6002958800,3234915500,2768043300
4,6080266800,3270587800,2809679000
4,6127766900,3280546900,2847220000
4,5958139500,3347160900,2610978600
4,5958722800,3332850900,2625871900
4,6059274600,3258408900,2800865700
4,6130278800,3295027200,2835251600
4,5945745900,3239083600,2706662300
4,5987583200,3404207200,2583376000
4,6057625400,3326829100,2730796300
4,6087684200,3224590800,2863093400
4,5938646300,3349404300,2589242000
4,5982801000,3239892000,2742909000
4,6062354100,3263792100,2798562000
4,6085973400,3207188100,2878785300
4,5913342600,3265596000,2647746600
4,5988764900,3391080800,2597684100
4,6087475300,3214551700,2872923600
4,6105396700,3296597600,2808799100
4,5805889300,3178692800,2627196500
4,6001289300,3235636200,2765653100
4,6098338200,3211934500,2886403700
4,6123069100,3274457100,2848612000
4,5954270500,3350512200,2603758300
4,6010029700,3220178400,2789851300
4,6070083500,3319091300,2750992200
4,6103953500,3254418000,2849535500
4,5910615700,3271966900,2638648800
4,5904182100,3364725000,2539457100
4,6083142100,3210084800,2873057300
4,6090821900,3238264000,2852557900
4,5964056100,3360466400,2603589700
4,5571505800,2982750900,2588754900
4,6099992400,3238812600,2861179800
4,5893574300,2860993900,3032580400
4,5515266100,2974591300,2540674800
4,5939406900,3307469200,2631937700
4,6108784700,3237204000,2871580700
4,6103936000,3256925500,2847010500
4,5492889700,3310598800,2182290900
4,5524694400,3332972000,2191722400
4,6071221500,3198280600,2872940900
4,5525774200,3331578100,2194196100
4,6087518800,3225827200,2861691600
4,5514549400,3322153700,2192395700
4,6064911600,3164543700,2900367900
4,5519350800,3327061200,2192289600
4,6117740300,3273042400,2844697900
4,5515870200,3321555000,2194315200
4,6083770600,3200511700,2883258900
4,5518941700,3325538100,2193403600
4,6101457300,3238291200,2863166100
4,5517871600,3324781100,2193090500
4,6079311600,3211868300,2867443300
4,5514542500,3320815900,2193726600
4,6079378700,3232284900,2847093800
4,5521150500,3327998400,2193152100
4,6078306800,3221512600,2856794200
4,5527252900,3335230400,2192022500
4,6104172600,3228245000,2875927600
4,5517528100,3325622300,2191905800
4,6128824800,3251455500,2877369300
4,5517229000,3324518800,2192710200
4,6081541200,3211167100,2870374100
4,5524898500,3331092500,2193806000
4,6120667200,3311941800,2808725400
4,6082832900,3215298700,2867534200
4,5506456600,3314319000,2192137600
4,6079459300,3205639400,2873819900
4,5519358900,3326461200,2192897700
4,5694565400,2755497500,2939067900
4,5528806000,3335417200,2193388800
4,6095955400,3239692500,2856262900
4,5522371300,3327649100,2194722200
4,6079699200,3225169100,2854530100
4,5477829500,3291531900,2186297600
4,5941607700,3365947900,2575659800
4,6094372700,3248585600,2845787100
4,6089982000,3233956100,2856025900
4,6123753700,3247252000,2876501700
4,5520577900,3322442900,2198135000
4,6064268200,3217678200,2846590000
4,5521675800,3327638300,2194037500
4,6118667500,3277714200,2840953300
4,5526800800,3334983700,2191817100
4,6087298400,3234295200,2853003200
4,5513121200,3320988900,2192132300
4,6059299400,3200263400,2859036000
4,5145161700,2968966200,2176195500
4,6122584600,3246803700,2875780900
4,5517658300,3326559000,2191099300
4,5524214000,3326010400,2198203600
4,5515586200,3323897500,2191688700
4,6067016200,3198900500,2868115700
4,5512106900,3319289600,2192817300
4,6112236200,3277140700,2835095500
4,5510394400,3315420000,2194974400
4,5987293400,2939643900,3047649500
4,5513824300,3320150700,2193673600
4,6135929300,3263651700,2872277600
4,5521635600,3327458100,2194177500
4,6116168400,3275714700,2840453700
4,5527309300,3332591600,2194717700
4,6021547400,3100435200,2921112200
4,5520053300,3327656700,2192396600
4,6133017400,3267629700,2865387700
4,5711408000,2736985000,2974423000
4,5520164600,3326000000,2194164600
4,6097157500,3225125400,2872032100
4,5525917900,3330140500,2195777400
4,5757367100,2741134500,3016232600
4,5458675100,3274660300,2184014800
4,5978823500,3345697700,2633125800
4,6017458100,3242401400,2775056700
4,6058761400,3308467700,2750293700
4,6091953000,3235969500,2855983500
4,5932364000,3353068600,2579295400
4,6004397900,3245084000,2759313900
4,6071140800,3247447600,2823693200
4,6076982500,3284254400,2792728100
4,5975938700,3285623600,2690315100
4,5947524600,3353589200,2593935400
4,6075623500,3294292300,2781331200
4,6137917700,3275480000,2862437700
4,6097981100,3333020600,2764960500
4,5962664600,3185035600,2777629000
4,6001603300,3241615700,2759987600
4,6081323900,3254689900,2826634000
4,6070339900,3218621100,2851718800
4,5993203400,3292212000,2700991400
4,6016195900,3250820000,2765375900
4,6081262000,3280265900,2800996100
4,6096282300,3229523400,2866758900
4,5516784000,3325070100,2191713900
4,5949788600,3310604500,2639184100
4,5913393000,3370714400,2542678600
4,6082057400,3209589100,2872468300
4,6110548000,3254189800,2856358200
4,5952154800,3359817900,2592336900
4,5976249100,3407454600,2568794500
4,6090123300,3239467100,2850656200
4,6079825400,3218931700,2860893700
4,5965188600,3406632700,2558555900
4,5962661300,3357671700,2604989600
4,5940172700,3309643500,2630529200
4,6090139500,3223680400,2866459100
4,6119223200,3263708300,2855514900
4,5665540900,3064297400,2601243500
4,5946848900,3363602700,2583246200
4,6086732800,3214292500,2872440300
4,6093287500,3223236500,2870051000
4,5578968500,2929361600,2649606900
4,5262783200,3085500900,2177282300
4,6122493900,3228886900,2893607000
4,5483319600,3293202300,2190117300
4,6073940100,3196423600,2877516500
4,5544152800,3343052500,2201100300
4,6084602300,3230312800,2854289500
4,5522362000,3329496800,2192865200
4,5501998800,3306018300,2195980500
4,6091369300,3252003800,2839365500
4,5994937600,3296126800,2698810800
4,5956110100,3319519300,2636590800
4,6067368000,3273399600,2793968400
4,6102356500,3265659500,2836697000
4,5905087200,3339629200,2565458000
4,5929177000,3358708700,2570468300
4,6079954000,3203771100,2876182900
4,6106905000,3239055000,2867850000
4,5911998000,3369291900,2542706100
4,5927990600,3334428800,2593561800
4,6079358200,3211696200,2867662000
4,6139949500,3282104200,2857845300
4,5977827800,3302212700,2675615100
4,6003951800,3234465900,2769485900
4,6093500500,3256086300,2837414200
4,6119312500,3283336300,2835976200
4,5948779700,3344949200,2603830500
4,6003509700,3385342800,2618166900
4,6090650100,3237724300,2852925800
4,6099278300,3235248300,2864030000
4,5921231800,3376928700,2544303100
4,5964919400,3400254300,2564665100
4,6056992400,3310484900,2746507500
4,6115535700,3244832400,2870703300
4,5965736700,3356082200,2609654500
4,6000801200,3249702300,2751098900
4,6050568200,3216244900,2834323300
4,6102643400,3345147800,2757495600
4,5956632000,3212339700,2744292300
4,5434471000,3008861700,2425609300
4,5966881500,3027602900,2939278600
4,6034150100,3145724600,2888425500
4,5913659300,3281990900,2631668400
4,5865464700,3216000900,2649463800
4,5457705000,3273538000,2184167000
4,5906309300,3270770500,2635538800
4,5941230900,3311250500,2629980400
4,6079473300,3206583300,2872890000
4,6116323400,3261684400,2854639000
4,5974735600,3312549800,2662185800
4,6025399500,3252139600,2773259900
4,6089735500,3217520900,2872214600
4,6098171400,3252951700,2845219700
4,5935391100,3338305900,2597085200
4,5978570300,3267794500,2710775800
4,6082989200,3207498000,2875491200
4,6113311000,3253551900,2859759100
4,5942926000,3362368700,2580557300
4,5941428600,3325715600,2615713000
4,6103365300,3245683800,2857681500
4,6098027200,3242709000,2855318200
4,5963050700,3335985100,2627065600
4,5927554100,3305769800,2621784300
4,5952817600,3098904100,2853913500
4,6120815900,3278218000,2842597900
4,5523621700,3330595600,2193026100
4,5952060200,3251553900,2700506300
4,5129715300,2967413900,2162301400
4,5798087700,2824903100,2973184600
4,6106182400,3187132900,2919049500
4,6110019000,3282330200,2827688800
4,5973604800,3320592800,2653012000
4,6117458700,3234013000,2883445700
4,5518636300,3324637300,2193999000
4,6084187100,3200518800,2883668300
4,5526650500,3330092500,2196558000
4,6109822200,3233067400,2876754800
4,5520101200,3329587300,2190513900
4,6074563500,3195123700,2879439800
4,5520621700,3326709500,2193912200
4,6127462300,3237079000,2890383300
4,5524701700,3332606900,2192094800
4,6083466800,3194011300,2889455500
4,5514547100,3322453700,2192093400
4,6108922400,3273119200,2835803200
4,5515222200,3322557100,2192665100
4,6068234700,3209792000,2858442700
4,5527308300,3332456300,2194852000
4,6097668700,3229781900,2867886800
4,5131393400,2969417900,2161975500
4,6112909900,3236260600,2876649300
4,5138288400,2971246400,2167042000
4,6115593600,3273824200,2841769400
4,5457409500,3273863700,2183545800
4,6125962300,3241396100,2884566200
4,5523420500,3332358600,2191061900
4,6075974300,3206513400,2869460900
4,5516111900,3322205000,2193906900
4,6093478300,3230493700,2862984600
4,5512051300,3318663400,2193387900
4,6089409200,3239081400,2850327800
4,5524144600,3327833000,2196311600
4,6079116800,3215489200,2863627600
4,5519911400,3329259400,2190652000
4,6092803500,3218931600,2873871900
4,5519667900,3325275800,2194392100
4,6099183200,3221426300,2877756900
4,5520542900,3326926100,2193616800
4,6106391500,3230732000,2875659500
4,5522771200,3329141800,2193629400
4,6124649100,3251051200,2873597900
4,5503215600,3312244100,2190971500
4,6138575400,3252045600,2886529800
4,5522269300,3329785200,2192484100
4,6092808500,3226558900,2866249600
4,5483177900,3296182800,2186995100
4,6039945000,3134998000,2904947000
4,5487375100,3297830400,2189544700
4,5525276100,3330923600,2194352500
4,6101840300,3231281800,2870558500
4,5523190700,3330976100,2192214600
4,6089841300,3239853800,2849987500
4,5515981900,3322398500,2193583400
4,6090634500,3219262000,2871372500
4,5523326800,3331368500,2191958300
4,6126823100,3252694300,2874128800
4,5518284200,3323559500,2194724700
4,6089795700,3261414900,2828380800
4,5996078300,3221360700,2774717600
4,6078090500,3197593600,2880496900
4,6092925300,3222295800,2870629500
4,5921502300,3281517100,2639985200
4,5948773700,3371077700,2577696000
4,6067761600,3324932200,2742829400
4,6097083700,3289637600,2807446100
4,5924481000,3276254700,2648226300
4,5959756200,3238561700,2721194500
4,6101939700,3247122800,2854816900
4,5948574700,3326731800,2621842900
4,5991048600,3411639200,2579409400
4,6077540000,3213715400,2863824600
4,6110156900,3258848400,2851308500
4,5947437200,3288875900,2658561300
4,5987044200,3417733700,2569310500
4,6110814500,3241853400,2868961100
4,6117148500,3264844400,2852304100
4,5995292900,3096256000,2899036900
4,5906788400,3287977900,2618810500
4,5805128500,3097583700,2707544800
4,6028815500,3152958200,2875857300
4,6077900600,3218954600,2858946000
4,5951932000,3300714600,2651217400
4,5971647900,3268890400,2702757500
4,5491689300,3308741100,2182948200
4,5980233200,3327147500,2653085700
4,6101231900,3240879600,2860352300
4,6076568000,3185229900,2891338100
4,5948454300,3309454300,2639000000
4,5956128800,3218078400,2738050400
4,6089941700,3256169600,2833772100
4,6123603600,3248790300,2874813300
4,5969750700,3260766600,2708984100
4,5998268200,3318585100,2679683100
4,6083089400,3244041700,2839047700
4,6086958200,3227080800,2859877400
4,5948072300,3300876500,2647195800
4,6004065000,3246087300,2757977700
4,6081150300,3243535800,2837614500
4,6094447500,3213294700,2881152800
4,5971195600,3303215900,2667979700
4,5972175000,3220516800,2751658200
4,6094459000,3232914900,2861544100
4,6078075300,3232119400,2845955900
4,5959619900,3247476800,2712143100
4,5917641000,3431765400,2485875600
4,6096628100,3209906100,2886722000
4,6094873500,3229299900,2865573600
4,5938801100,3316470200,2622330900
4,5903273500,3414229400,2489044100
4,6093494100,3234424600,2859069500
4,6087070300,3220602400,2866467900
4,5936939200,3206278200,2730661000
4,5738821700,2843667200,2895154500
4,6136631800,3264446100,2872185700
4,5930293300,3319067400,2611225900
4,5929169300,3418896100,2510273200
4,6084283000,3207560300,2876722700
4,5738806000,2757633400,2981172600
4,5977496800,3290166000,2687330800
4,5459083500,3276678700,2182404800
4,6088185500,3189373600,2898811900
4,5522181600,3328735500,2193446100
4,6079342300,3199367500,2879974800
4,5516376800,3322993800,2193383000
4,6098143500,3201601900,2896541600
4,5519943100,3326849700,2193093400
4,6106564000,3244687200,2861876800
4,5525402100,3330011200,2195390900
4,6095357200,3215492300,2879864900
4,5528135700,3333608300,2194527400
4,6088015100,3209654100,2878361000
4,5524739700,3334367800,2190371900
4,6102099600,3209230400,2892869200
4,5521019100,3328030700,2192988400
4,6087105200,3208794300,2878310900
4,5517382100,3321932300,2195449800
4,6067253400,3287542700,2779710700
4,5522316100,3330679900,2191636200
4,6074685300,3193011900,2881673400
4,5519880000,3327271200,2192608800
4,6102197300,3194219200,2907978100
4,5458936300,3270463400,2188472900
4,6094765800,3230249400,2864516400
4,5515715600,3324759900,2190955700
4,6074247200,3159158100,2915089100
4,5525778600,3326290800,2199487800
4,6072148200,3197587200,2874561000
4,5517582300,3325008800,2192573500
4,5780375000,2825239800,2955135200
4,5511894100,3320059900,2191834200
4,6095957800,3223032000,2872925800
4,5519145600,3325172400,2193973200
4,6043288100,3089707900,2953580200
4,5129460400,2964680400,2164780000
4,6118075200,3233983100,2884092100
4,5459750000,3273424900,2186325100
4,6096622200,3211240800,2885381400
4,5522470000,3329101400,2193368600
4,6058277000,3320996200,2737280800
4,5521684900,3328711900,2192973000
4,6059429200,3273340400,2786088800
4,5523739300,3330889200,2192850100
4,6087616700,3253314800,2834301900
4,5523543000,3331933900,2191609100
4,6104620300,3223589700,2881030600
4,5537322000,3344374900,2192947100
4,6079093900,3200261700,2878832200
4,5512450900,3321480300,2190970600
4,6102076000,3228685700,2873390300
4,5517390300,3324076500,2193313800
4,6081075100,3204133200,2876941900
4,5528845900,3331741500,2197104400
4,6105563600,3224084500,2881479100
4,5531491600,3336288900,2195202700
4,6068390100,3202372300,2866017800
4,5523584500,3332663700,2190920800
4,6121271300,3235839900,2885431400
4,5094457600,2921451800,2173005800
4,6088046800,3256969900,2831076900
4,5515523200,3324639500,2190883700
4,6119726800,3224089500,2895637300
4,5517201800,3326003100,2191198700
4,6086564800,3216775700,2869789100
4,5528440200,3334496800,2193943400
4,5781580300,2823945400,2957634900
4,5508042100,3314426900,2193615200
4,6024100500,3125613700,2898486800
4,5518947000,3327381900,2191565100
4,6124378100,3336799400,2787578700
4,5398862900,3225887800,2172975100
4,6096270400,3267220400,2829050000
4,5461959600,3279506700,2182452900
4,6081619400,3243724900,2837894500
4,6119413600,3247331200,2872082400
4,5965040400,3349622800,2615417600
4,5941847400,3338603100,2603244300
4,6103715800,3239692500,2864023300
4,6139749500,3260336800,2879412700
4,5925743200,3312614000,2613129200
4,5947304600,3421459500,2525845100
4,6098631200,3239407800,2859223400
4,6093017700,3222195700,2870822000
4,5961043800,3298642300,2662401500
4,6007949100,3326170800,2681778300
4,6076627100,3218464300,2858162800
4,6082215600,3201347800,2880867800
4,5966187900,3258484500,2707703400
4,5974518100,3467383300,2507134800
4,6083847200,3254277700,2829569500
4,6095204700,3228999700,2866205000
4,5916367900,3307305100,2609062800
4,5937807200,3332762700,2605044500
4,6095378100,3255697600,2839680500
4,5755705500,2725793600,3029911900
4,5963741500,3330254000,2633487500
4,5987249800,3301265100,2685984700
4,6091457900,3236342600,2855115300
4,6100879300,3227664300,2873215000
4,5947436400,3267769300,2679667100
4,5982184200,3326960200,2655224000
4,5973395400,3015214100,2958181300
4,6075743700,3203911400,2871832300
4,5520889400,2984497300,2536392100
4,5901395500,3288039300,2613356200
4,6088532900,3252244500,2836288400
4,6090966500,3204942700,2886023800
4,5964914500,3348746500,2616168000
4,5479542100,3299515700,2180026400
4,6096505000,3225997800,2870507200
4,6084404600,3202311500,2882093100
4,5966991500,3354138000,2612853500
4,5999359600,3340549400,2658810200
4,6091879500,3235843800,2856035700
4,6135183800,3254338400,2880845400
4,5976659200,3300740300,2675918900
4,6001947900,3266716300,2735231600
4,6102092000,3236507600,2865584400
4,6116464800,3248225700,2868239100
4,5964890100,3269915500,2694974600
4,5984831700,3231043200,2753788500
4,6074251500,3234162600,2840088900
4,6057924000,3167665800,2890258200
4,5946966700,3328235200,2618731500
4,5930052000,3381420700,2548631300
4,6091495700,3236503000,2854992700
4,6097410300,3232977100,2864433200
4,5953013200,3338663300,2614349900
4,5944210800,3423930600,2520280200
4,6091418500,3225127400,2866291100
4,5759220500,2765879400,2993341100
4,5931741100,3296879700,2634861400
4,5967285800,3316219200,2651066600
4,6088059400,3217972100,2870087300
4,6081577500,3198260500,2883317000
4,5962838700,3321032600,2641806100
4,5916877700,3415950400,2500927300
4,6071428200,3198972800,2872455400
4,6084812500,3227319200,2857493300
4,5506494200,2963538400,2542955800
4,5831478500,3354757400,2476721100
4,6090333400,3221934700,2868398700
4,6138879300,3261414200,2877465100
4,5816484000,3177060900,2639423100
4,5459554100,3280000900,2179553200
4,5529801300,3335468600,2194332700
4,6093759800,3249727300,2844032500
4,5522803400,3330720600,2192082800
4,6118831600,3228124400,2890707200
4,5518117900,3324213800,2193904100
4,6095564900,3235417500,2860147400
4,5514340700,3322555700,2191785000
4,6097095700,3213028600,2884067100
4,5517154800,3322136100,2195018700
4,6075701400,3197603000,2878098400
4,5521287600,3330316100,2190971500
4,6056159600,3279400500,2776759100
4,5531285000,3336166600,2195118400
4,6053223100,3344983200,2708239900
4,5524144000,3328773900,2195370100
4,6093399500,3194735800,2898663700
4,5518000800,3326166600,2191834200
4,6035590600,3158927700,2876662900
4,5518829000,3325409700,2193419300
4,6114599100,3222723300,2891875800
4,5513206600,3318750900,2194455700
4,5895384600,3043755000,2851629600
4,5517132700,3325182000,2191950700
4,6105477700,3235372300,2870105400
4,5525153500,3330724600,2194428900
4,6080699000,3200677100,2880021900
4,5513616600,3319797300,2193819300
4,6065332900,3287519700,2777813200
4,5501723200,3312697600,2189025600
4,6091026500,3221253300,2869773200
4,5130035900,2967515500,2162520400
4,6051643100,3158175000,2893468100
4,5514148100,3320302000,2193846100
4,6089433200,3215241600,2874191600
4,5169028000,3000818900,2168209100
4,5461418900,3277772400,2183646500
4,5524153900,3334355700,2189798200
4,6066339700,3274193600,2792146100
4,5530821200,3337175200,2193646000
4,6060607700,3284325700,2776282000
4,5521795700,3329085100,2192710600
4,6093713500,3242888400,2850825100
4,5516676400,3325305900,2191370500
4,6090506500,3199602800,2890903700
4,5529090300,3338425900,2190664400
4,6078820200,3206688200,2872132000
4,5528804000,3331716600,2197087400
4,6062320400,3300127100,2762193300
4,5513375100,3320803900,2192571200
4,6091753300,3233155400,2858597900
4,5520692000,3329096200,2191595800
4,6118503900,3219497600,2899006300
4,5526169300,3333237600,2192931700
4,6057528700,3177081800,2880446900
4,5522235500,3328384100,2193851400
4,6092829000,3192679400,2900149600
4,5528973400,3336167900,2192805500
4,5778097700,2789914800,2988182900
4,5517645200,3326153300,2191491900
4,6122497800,3235008900,2887488900
4,5524976100,3334047600,2190928500
4,6079929600,3154460700,2925468900
4,5525267300,3334581000,2190686300
4,6100139800,3210755500,2889384300
4,5527954600,3335459700,2192494900
4,6069942900,3278899000,2791043900
4,5406721600,3230520500,2176201100
4,6084226200,3175638200,2908588000
4,5510256200,3322059200,2188197000
4,6093317800,3197636700,2895681100
4,5431742600,3241451700,2190290900
4,5489609000,3302673100,2186935900
4,6090109700,3219710400,2870399300
4,5973840800,3345941100,2627899700
4,5917852000,3411176000,2506676000
4,6095074600,3246742500,2848332100
4,6066009400,3204166400,2861843000
4,5916238600,3300903600,2615335000
4,5935321500,3362176500,2573145000
4,6081104100,3210810300,2870293800
4,6105557700,3202581600,2902976100
4,5978429000,3281152400,2697276600
4,5934655200,3424334500,2510320700
4,6090671300,3242136700,2848534600
4,6084356500,3195920300,2888436200
4,5967655300,3333523000,2634132300
4,5931795500,3424906900,2506888600
4,6087045300,3203343600,2883701700
4,6069794800,3192291200,2877503600
4,5932060700,3300545200,2631515500
4,5987628800,3373527200,2614101600
4,6091598300,3247030300,2844568000
4,6093666600,3207416600,2886250000
4,5849163100,3238788100,2610375000
4,6002541100,3334591100,2667950000
4,6088461400,3218726700,2869734700
4,6093989800,3232148300,2861841500
4,5972945500,3248379700,2724565800
4,6020788500,3278811100,2741977400
4,6104574300,3232773100,2871801200
4,6040832000,3108282000,2932550000
4,5965864600,3318349900,2647514700
4,5892862700,3162313500,2730549200
4,6069507900,3126943900,2942564000
4,5752778900,2772103900,2980675000
4,5720080100,3133331900,2586748200
4,5474999900,2968550500,2506449400
4,5466561200,3281693100,2184868100
4,6125169000,3249948200,2875220800
4,5985394300,3289102800,2696291500
4,5975279600,3219231100,2756048500
4,6098856100,3235482400,2863373700
4,6074933700,3173202100,2901731600
4,5930678300,3314594800,2616083500
4,5943242100,3405490700,2537751400
4,6095142700,3217024500,2878118200
4,6132011900,3253140200,2878871700
4,5986503500,3274691500,2711812000
4,5960934500,3411678300,2549256200
4,6078862600,3225307100,2853555500
4,6137768800,3263547200,2874221600
4,5970611000,3216399000,2754212000
4,5851966300,3273044700,2578921600
4,6091945500,3214579000,2877366500
4,6110908400,3201568800,2909339600
4,5956879800,3404231900,2552647900
4,5950033200,3348279900,2601753300
4,5940020400,3047148500,2892871900
4,6110643000,3227190200,2883452800
4,5995679400,3189992500,2805686900
4,5975471900,3307084600,2668387300
4,6085867300,3199282400,2886584900
4,6098052800,3214413300,2883639500
4,5988206400,3395204700,2593001700
4,5995581400,3287865600,2707715800
4,6092179600,3201318600,2890861000
4,6014179700,3086070200,2928109500
4,5994481200,3248847400,2745633800
4,5469821600,3004953900,2464867700
4,6054608000,3142696600,2911911400
4,5781864600,2788245900,2993618700
4,5453875000,3000101300,2453773700
4,5926186700,3369363900,2556822800
4,5489181600,3304880000,2184301600
4,6092583700,3242219700,2850364000
4,5526841600,3332818100,2194023500
4,6068159900,3219456800,2848703100
4,5524698700,3331621900,2193076800
4,6082527600,3215682200,2866845400
4,5524200200,3328933000,2195267200
4,6091355800,3242901400,2848454400
4,5520898000,3328476400,2192421600
4,6092822300,3230215900,2862606400
4,5522679800,3329810200,2192869600
4,6074837200,3239932800,2834904400
4,5522212400,3327168900,2195043500
4,6090387900,3227839800,2862548100
4,5516889700,3320810200,2196079500
4,6066265600,3170668200,2895597400
4,5522605700,3331376400,2191229300
4,6101417000,3241658200,2859758800
4,5528397100,3335530300,2192866800
4,6086649100,3220910800,2865738300
4,5196861400,3017773600,2179087800
4,6095914300,3262569600,2833344700
4,5520374200,3327540400,2192833800
4,6090073300,3233742400,2856330900
4,5515592100,3321414200,2194177900
4,6088303400,3240849800,2847453600
4,5519799700,3324570000,2195229700
4,6103352100,3234331400,2869020700
4,5500542700,3312386800,2188155900
4,6056270300,3147862900,2908407400
4,5199001400,3022950100,2176051300
4,6015167800,3173682200,2841485600
4,5506528900,3307817300,2198711600
4,5798318000,2833304000,2965014000
4,5094203400,2917420500,2176782900
4,6095189600,3231591600,2863598000
4,5470996300,3283371200,2187625100
4,6086516300,3231136900,2855379400
4,5526204200,3335467600,2190736600
4,6087145000,3230089500,2857055500
4,5528033900,3331822800,2196211100
4,6091372900,3236341600,2855031300
4,5523561800,3332161100,2191400700
4,6080278500,3238516300,2841762200
4,5520326800,3328630600,2191696200
4,6100475800,3254394200,2846081600
4,5524735600,3332067200,2192668400
4,6077257400,3284768300,2792489100
4,5517203100,3326278700,2190924400
4,6103154200,3243098600,2860055600
4,5517001100,3326446000,2190555100
4,6078183000,3246928000,2831255000
4,5525713900,3333520700,2192193200
4,6104186500,3235173800,2869012700
4,5522694800,3328293200,2194401600
4,6089585600,3228357500,2861228100
4,5497052900,3311398300,2185654600
4,6089812600,3244468600,2845344000
4,5528101000,3332358300,2195742700
4,6085225100,3258315900,2826909200
4,5520711000,3328280900,2192430100
4,6104060600,3239199200,2864861400
4,5519709100,3328651800,2191057300
4,6083379400,3235378100,2848001300
4,5096738800,2920461900,2176276900
4,5969157300,2935186200,3033971100
4,5092935500,2918869700,2174065800
4,6071742500,3213638500,2858104000
4,5430178200,3240045700,2190132500
4,5780039000,2820039300,2959999700
4,5096069000,2921001900,2175067100
4,6077513300,3225868300,2851645000
4,5488673800,3304095100,2184578700
4,6021964100,3253588100,2768376000
4,5940038400,3306492600,2633545800
4,6094777200,3293535100,2801242100
4,6069694700,3282960900,2786733800
4,6027962300,3242660800,2785301500
4,5944252900,3360220000,2584032900
4,6089795700,3210210600,2879585100
4,6104734900,3217397800,2887337100
4,5964796600,3226198100,2738598500
4,5923623900,3281552900,2642071000
4,6085862600,3219465000,2866397600
4,6070749800,3277456700,2793293100
4,6004210300,3263878300,2740332000
4,5975181500,3361646900,2613534600
4,6083776100,3183502700,2900273400
4,6100458700,3208478100,2891980600
4,5945404000,3332566000,2612838000
4,5948753900,3356538400,2592215500
4,6078354800,3186863300,2891491500
4,6065792900,3293425800,2772367100
4,5994345300,3215326700,2779018600
4,5961258700,3359259900,2601998800
4,6083032200,3196840900,2886191300
4,6124992800,3225040900,2899951900
4,5998015700,3245854400,2752161300
4,5904784600,3249919100,2654865500
4,6087029400,3201411400,2885618000
4,5748763400,2763248800,2985514600
4,5939076000,3332664000,2606412000
4,5373218400,3193491700,2179726700
4,6087589200,3277997300,2809591900
4,5515117600,3323144100,2191973500
4,6065891200,3195598500,2870292700
4,5084993700,2908602600,2176391100
4,6086584800,3233013200,2853571600
4,5499519500,3315176000,2184343500
4,5963847900,3406450000,2557397900
4,5955683200,3260464700,2695218500
4,6086586200,3209919400,2876666800
4,6094876500,3205756400,2889120100
4,5934713400,3339404000,2595309400
4,5945277900,3345461200,2599816700
4,6101808500,3208716400,2893092100
4,6114001900,3225456100,2888545800
4,5946471300,3330304100,2616167200
4,5949260100,3325046200,2624213900
4,6086370700,3206194400,2880176300
4,6078595600,3279768200,2798827400
4,6027026400,3258479700,2768546700
4,5984733200,3318953700,2665779500
4,6103112400,3228608000,2874504400
4,6099788000,3210330100,2889457900
4,5979648500,3232300200,2747348300
4,5950523800,3238683100,2711840700
4,6091276700,3283642700,2807634000
4,6099470100,3188342800,2911127300
4,6003330500,3237943700,2765386800
4,5930616100,3376067200,2554548900
4,6062276400,3165387900,2896888500
4,6098124500,3317354200,2780770300
4,5969295800,3273099700,2696196100
4,5957665000,3326178300,2631486700
4,6096718700,3234976300,2861742400
4,5984521000,3017023700,2967497300
4,5990762700,3311085400,2679677300
4,5974408400,3282590700,2691817700
4,6101235500,3240642600,2860592900
4,5942066300,3082085500,2859980800
4,5969985500,3207948100,2762037400
4,5482173700,2943291800,2538881900
4,6097354800,3260149300,2837205500
4,5496452300,3309084100,2187368200
4,5528457400,3334628200,2193829200
4,6096798400,3275409700,2821388700
4,5521562100,3325821300,2195740800
4,6087802100,3290567800,2797234300
4,5522747600,3328677900,2194069700
4,6093428000,3239503400,2853924600
4,5526182400,3329438800,2196743600
4,6092822100,3274307300,2818514800
4,5508993200,3318137400,2190855800
4,6117410600,3273012300,2844398300
4,5522840500,3328756500,2194084000
4,6098197200,3287879900,2810317300
4,5534868100,3337872600,2196995500
4,5971068600,3100953800,2870114800
4,5519892500,3325303400,2194589100
4,6072318600,3174465300,2897853300
4,5522136200,3328560600,2193575600
4,6093285600,3256678500,2836607100
4,5518545200,3323022500,2195522700
4,6090099600,3193773400,2896326200
4,5517132000,3326130400,2191001600
4,6092314400,3257294400,2835020000
4,5515203300,3321784000,2193419300
4,6101717800,3282627300,2819090500
4,5518252100,3326668800,2191583300
4,6105079200,3249068500,2856010700
4,5521335400,3329534500,2191800900
4,6075258100,3178044100,2897214000
4,5520927000,3326641700,2194285300
4,6125322300,3279437800,2845884500
4,5519905300,3324854500,2195050800

